0.0 0.596490621567 0.0
0.002 0.530164718628 -33.1629514694
0.004 0.605220794678 37.5280380249
0.006 0.455364614725 -74.9280899763
0.008 0.495310366154 19.9728757143
0.01 0.59996342659 52.3265302181
0.012 0.785532414913 92.7844941616
0.014 1.00683999062 110.653787851
0.016 1.17509436607 84.1271877289
0.018 1.40188896656 113.397300243
0.02 1.67439893086 136.254982152
0.022 1.96011069615 142.855882645
0.024 2.27643558581 158.16244483
0.026 2.52480331262 124.183863401
0.028 2.74643367727 110.815182328
0.03 2.92530834873 89.4373357296
0.032 3.12416775164 99.4297014549
0.034 3.37184445758 123.838352971
0.036 3.56791907747 98.0373099446
0.038 3.71386131843 72.9711204767
0.04 3.88111004432 83.6243629456
0.042 4.03196439345 75.4271745682
0.044 4.17668071588 72.358161211
0.046 4.31826856931 70.7939267159
0.048 4.48192957242 81.8305015564
0.05 4.64891281922 83.4916234016
0.052 4.81810909906 84.5981399205
0.054 4.98257846037 82.2346806526
0.056 5.14188832441 79.6549320221
0.058 5.29684549967 77.4785876274
0.06 5.447443072 75.2987861633
0.062 5.5889433662 70.7501471043
0.064 5.73539960781 73.2281208038
0.066 5.87247276703 68.5365796089
0.068 6.02388215462 75.7046937943
0.07 6.18194478402 79.0313147008
0.072 6.34409163917 81.0734275728
0.074 6.50703061024 81.4694855362
0.076 6.66922977964 81.0995846987
0.078 6.83079487482 80.7825475931
0.08 6.99106616179 80.1356434822
0.082 7.14642489353 77.6793658733
0.084 7.29359645048 73.5857784748
0.086 7.43332678476 69.865167141
0.088 7.58337122599 75.0222206116
0.09 7.73785025278 77.2395133972
0.092 7.89887163638 80.5106918004
0.094 8.07359776496 87.3630642891
0.096 8.248137331 87.26978302
0.098 8.42871711253 90.2898907661
0.1 8.62547454833 98.3787178993
0.102 8.82923940419 101.882427931
0.104 9.04884240626 109.801501036
0.106 9.30913055538 130.144074559
0.108 9.59242560565 141.647525132
0.11 9.91232723593 159.950815141
0.112 10.23612324 161.898002028
0.114 10.5275313616 145.704060793
0.116 10.8093756199 140.922129154
0.118 11.0981446584 144.384519258
0.12 11.3734906991 137.673020363
0.122 11.6408972223 133.703261614
0.124 11.9202494105 139.676094055
0.126 12.1894189199 134.584754705
0.128 12.4381889333 124.385006726
0.13 12.6723471587 117.079112679
0.132 12.9110334595 119.343150407
0.134 13.1525262674 120.746403933
0.136 13.3927799543 120.126843452
0.138 13.6399139245 123.56698513
0.14 13.8885573228 124.321699142
0.142 14.1462551753 128.848926225
0.144 14.4121294419 132.937133312
0.146 14.6500153939 118.942975998
0.148 14.8911838333 120.584219694
0.15 15.1251817743 116.998970509
0.152 15.307994167 91.4061963558
0.154 15.4112278322 51.616832614
0.156 15.2909962634 -60.1157844067
0.158 14.493446509 -398.774877191
0.16 14.5987072388 52.6303648949
0.162 14.7980971734 99.6949672699
0.164 14.9936920802 97.7974534035
0.166 15.1768678824 91.5879011154
0.168 15.3602748314 91.7034745216
0.17 15.543536375 91.6307717562
0.172 15.7305286123 93.4961186722
0.174 15.9157553414 92.6133645699
0.176 16.1027410428 93.4928506613
0.178 16.2806790868 88.9690220356
0.18 16.4512311021 85.2760076523
0.182 16.6221632759 85.4660868645
0.184 16.7991065184 88.471621275
0.186 16.9784646431 89.6790623665
0.188 17.1651781003 93.3567285538
0.19 17.3539386511 94.3802754071
0.192 17.5413844108 93.7228798866
0.194 17.7215609073 90.0882482529
0.196 17.899385345 88.9122188091
0.198 18.0808626532 90.7386541367
0.2 18.2828115344 100.974440575
0.202 18.5191283941 118.158429861
0.204 18.8211344469 151.003026404
0.206 19.1362850785 157.575315796
0.208 19.4328379154 148.276418448
0.21 19.6919815063 129.571795464
0.212 19.8909236908 99.4710922241
0.214 20.0723702431 90.7232761383
0.216 20.2246733427 76.1515498161
0.218 20.3461453438 60.7360005379
0.22 20.4565237601 55.1892081883
0.222 20.5771444877 60.3103637695
0.224 20.7134739001 68.1647062302
0.226 20.8616980155 74.1120576859
0.228 21.0249867876 81.6443860531
0.23 21.1986727555 86.8429839611
0.232 21.37015359 85.7404172421
0.234 21.535873278 82.8598439694
0.236 21.6969296773 80.5281996727
0.238 21.8432644148 73.1673687697
0.24 21.9810016592 68.8686221838
0.242 22.1136685749 66.3334578276
0.244 22.2427390059 64.535215497
0.246 22.3746974905 65.9792423248
0.248 22.5081350048 66.7187571526
0.25 22.6535519202 72.7084577084
0.252 22.8086848696 77.5664746761
0.254 22.9801228483 85.7189893723
0.256 23.1651216586 92.4994051457
0.258 23.3547226031 94.8004722595
0.26 23.5447517474 95.0145721436
0.262 23.7347388426 94.9935475972
0.264 23.9241781393 94.7196483612
0.266 24.1136772791 94.7495698929
0.268 24.3005091111 93.415915966
0.27 24.4861743609 92.8326249123
0.272 24.6709076921 92.3666656017
0.274 24.8566452424 92.8687751293
0.276 25.0419279123 92.6413349807
0.278 25.2294206182 93.7463529408
0.28 25.4194616238 95.0205028057
0.282 25.6149693588 97.753867507
0.284 25.8082711259 96.6508835554
0.286 25.9962247769 93.9768254757
0.288 26.1819615523 92.8683876991
0.29 26.367582337 92.8103923798
0.292 26.5527748028 92.5962328911
0.294 26.7371293783 92.1772877362
0.296 26.9235628128 93.2167172432
0.298 27.1095630407 93.0001139641
0.3 27.2973528981 93.8949286938
0.302 27.4877378225 95.1924622059
0.304 27.6783875704 95.3248739243
0.306 27.8711541176 96.3832736015
0.308 28.0630797624 95.9628224373
0.31 28.2540390149 95.4796262086
0.312 28.4444978416 95.2294133604
0.314 28.6325636685 94.0329134464
0.316 28.8217407942 94.5885628462
0.318 29.0111646533 94.7119295597
0.32 29.2000314474 94.4333970547
0.322 29.388799119 94.3838357926
0.324 29.5772141695 94.2075252533
0.326 29.7617586136 92.2722220421
0.328 29.9417926868 90.0170365956
0.33 30.1211312612 89.6692872048
0.332 30.2960047324 87.43673563
0.334 30.4669746359 85.4849517346
0.336 30.6340583761 83.5418701172
0.338 30.7993988593 82.6702415943
0.34 30.9628008206 81.7009806633
0.342 31.1256532569 81.4262181521
0.344 31.2865858276 80.4662853479
0.346 31.4442649347 78.8395535201
0.348 31.6007264008 78.2307330519
0.35 31.7592376967 79.2556479573
0.352 31.918879946 79.8211246729
0.354 32.0803392728 80.729663372
0.356 32.240516742 80.0887346268
0.358 32.4001837571 79.8335075379
0.36 32.5640091498 81.9126963616
0.362 32.7282744248 82.1326375008
0.364 32.8881977399 79.9616575241
0.366 33.0465130726 79.157666364
0.368 33.204633824 79.0603756905
0.37 33.3675135294 81.4398527145
0.372 33.5315476576 82.0170640946
0.374 33.6900004665 79.2264044285
0.376 33.8407952706 75.3974020481
0.378 33.9911593715 75.1820504665
0.38 34.1444832007 76.661914587
0.382 34.2961645047 75.840651989
0.384 34.4451497192 74.4926072657
0.386 34.5830726022 68.9614415169
0.388 34.7145167956 65.7220967114
0.39 34.8461630265 65.8231154084
0.392 34.982854865 68.3459192514
0.394 35.1221572677 69.6512013674
0.396 35.2691748062 73.5087692738
0.398 35.4237257758 77.2754848003
0.4 35.5708588282 73.5665261746
0.402 35.7169829527 73.0620622635
0.404 35.8720444361 77.5307416916
0.406 36.0332745234 80.6150436401
0.408 36.199400568 83.0630222943
0.41 36.3685870409 84.5932364464
0.412 36.5413117647 86.362361908
0.414 36.716484034 87.5861346722
0.416 36.8960692525 89.7926092148
0.418 37.0732768416 88.6037945747
0.42 37.2465435803 86.6333693266
0.422 37.4161932408 84.8248302937
0.424 37.5815691814 82.6879702509
0.426 37.7423560261 80.393422395
0.428 37.8976780116 77.6609927416
0.43 38.048823142 75.572565198
0.432 38.1939422726 72.5595653057
0.434 38.3303752184 68.2164728642
0.436 38.4556930899 62.6589357853
0.438 38.587880516 66.0937130451
0.44 38.7260111808 69.0653324127
0.442 38.8645149707 69.2518949509
0.444 38.9999336242 67.7093267441
0.446 39.133538866 66.8026208878
0.448 39.2663195371 66.3903355599
0.45 39.3960078319 64.844147363
0.452 39.5235502084 63.7711882591
0.454 39.6563722451 66.4110183716
0.456 39.7975106795 70.5692172051
0.458 39.9470229705 74.7561454773
0.46 40.0988291462 75.9030878544
0.462 40.2492847999 75.2278268337
0.464 40.3999881406 75.3516703844
0.466 40.5513780375 75.6949484348
0.468 40.7020735552 75.3477588296
0.47 40.8536056408 75.7660428062
0.472 41.0044930835 75.4437213764
0.474 41.1553922255 75.4495710135
0.476 41.3093848188 76.9962966442
0.478 41.4620620568 76.3386189938
0.48 41.6174496372 77.6937901974
0.482 41.7700481375 76.2992501259
0.484 41.9236600955 76.8059790135
0.486 42.0764856894 76.4127969742
0.488 42.2280057033 75.7600069046
0.49 42.3826019128 77.298104763
0.492 42.5370433012 77.2206942227
0.494 42.6843926588 73.6746788025
0.496 42.8225364367 69.0718889237
0.498 42.9645995775 71.0315704346
0.5 43.104083685 69.7420537472
0.502 43.2407780567 68.3471858501
0.504 43.3846499602 71.9359517097
0.506 43.5327768008 74.0634202957
0.508 43.6796227971 73.4229981899
0.51 43.8343420903 77.3596465587
0.512 43.9914263103 78.5421100445
0.514 44.155755488 82.16458885
0.516 44.3187009374 81.4727246761
0.518 44.4808818976 81.0904800892
0.52 44.647685198 83.4016501903
0.522 44.8164466897 84.3807458877
0.524 44.977368621 80.4609656334
0.526 45.133773295 78.2023370266
0.528 45.2882105986 77.2186517715
0.53 45.4350475947 73.4184980392
0.532 45.5789097547 71.9310800221
0.534 45.7271169424 74.1035938263
0.536 45.8790801763 75.9816169739
0.538 46.0309487581 75.9342908859
0.54 46.1804651618 74.7582018375
0.542 46.3253771662 72.4560022354
0.544 46.4630998373 68.861335516
0.546 46.5982282757 67.5642192364
0.548 46.7348926365 68.3321803808
0.55 46.8759668767 70.5371201038
0.552 47.008467324 66.2502236664
0.554 47.1370805222 64.306599088
0.556 47.2665929496 64.7562136873
0.558 47.4014565944 67.4318224191
0.56 47.538860321 68.7018632889
0.562 47.6796640753 70.4018771648
0.564 47.8230054378 71.6706812382
0.566 47.9677877426 72.3911523819
0.568 48.113646686 72.9294717312
0.57 48.2577533722 72.0533430576
0.572 48.4022928476 72.2697377205
0.574 48.5441483259 70.9277391433
0.576 48.6891833543 72.5175142288
0.578 48.8418321927 76.3244191792
0.58 48.9973627646 77.7652859688
0.582 49.1501883586 76.4127969742
0.584 49.3029281814 76.3699114322
0.586 49.4552445133 76.1581659317
0.588 49.6085802634 76.6678750515
0.59 49.7604178508 75.9187936783
0.592 49.9172560592 78.4191042185
0.594 50.0748838951 78.8139179349
0.596 50.2310732474 78.0946761369
0.598 50.3845747654 76.7507590353
0.6 50.5355196913 75.4724629223
0.602 50.6827509125 73.6156105995
0.604 50.8222046812 69.7268843651
0.606 50.9602457006 69.0205097198
0.608 51.0999669154 69.8606073856
0.61 51.2359980066 68.0155456066
0.612 51.3727856 68.3937966823
0.614 51.506912144 67.0632719993
0.616 51.6378493626 65.468609333
0.618 51.7702335437 66.1920905113
0.62 51.9041358868 66.9511715558
0.622 52.0356416146 65.752863884
0.624 52.1652737299 64.816057682
0.626 52.2926384846 63.6823773384
0.628 52.424840633 66.1010742187
0.63 52.5609054605 68.0324137211
0.632 52.6989839712 69.0392553806
0.634 52.8358823696 68.4491991997
0.636 52.9738268295 68.9722299576
0.638 53.1068608502 66.5170103311
0.64 53.2448132226 68.9761862159
0.642 53.3910690474 73.1279123574
0.644 53.5438137243 76.3723384589
0.646 53.6913458148 73.7660452723
0.648 53.8406069914 74.6305882931
0.65 53.9889099637 74.1514861583
0.652 54.1303440968 70.7170665264
0.654 54.2684289256 69.0424144268
0.656 54.4045598546 68.0654644966
0.658 54.5384250323 66.9325888157
0.66 54.6682733933 64.9241805076
0.662 54.8023752609 67.0509338379
0.664 54.93941528 68.5200095176
0.666 55.0716124534 66.0985867169
0.668 55.2024600267 65.4237866401
0.67 55.3304550409 63.9975070953
0.672 55.4608039617 65.1744604111
0.674 55.597726798 68.4614181518
0.676 55.7320127248 67.1429634094
0.678 55.8629331946 65.4602348804
0.68 55.9929591178 65.012961626
0.682 56.1268580019 66.949442029
0.684 56.2617971658 67.4695819616
0.686 56.3964130342 67.307934165
0.688 56.5330752017 68.3310837485
0.69 56.6719871521 69.455975201
0.692 56.8098718285 68.9423382282
0.694 56.9497657477 69.9469596147
0.696 57.0888151288 69.5246905088
0.698 57.2317232847 71.454077959
0.7 57.3774994373 72.8880763054
0.702 57.5252818226 73.8911926746
0.704 57.6741941928 74.4561851024
0.706 57.8234108448 74.6083259582
0.708 57.9734493255 75.0192403793
0.71 58.1211690982 73.859886327
0.712 58.2695847829 74.20784235
0.714 58.4186824639 74.5488405227
0.716 58.5694534858 75.3855109215
0.718 58.7152121146 72.8793144226
0.72 58.8573084553 71.0481703281
0.722 59.000064977 71.3782608509
0.724 59.1409658273 70.450425148
0.726 59.2780702491 68.552210927
0.728 59.4153091092 68.6194300651
0.73 59.5475117047 66.1012977361
0.732 59.6793490345 65.9186649136
0.734 59.8135800962 67.1155308373
0.736 59.9454648872 65.9423954785
0.738 60.0808053096 67.6702111959
0.74 60.2141779144 66.6863024235
0.742 60.3435726245 64.6973550319
0.744 60.4716674168 64.047396183
0.746 60.6015137513 64.9231672287
0.748 60.73193837 65.2123093605
0.75 60.8619935592 65.0275945663
0.752 60.9945005257 66.2534832954
0.754 61.1233596881 64.4295811653
0.756 61.2487018187 62.6710653305
0.758 61.3757305542 63.514367738
0.76 61.5064529577 65.3612017631
0.762 61.6391715208 66.3592815399
0.764 61.7757449547 68.286716938
0.766 61.9185831944 71.4191198349
0.768 62.0605555574 70.9861814976
0.77 62.2075149814 73.4797120094
0.772 62.352210919 72.3479688167
0.774 62.4955862263 71.6876536608
0.776 62.641666303 73.0400383472
0.778 62.7948475802 76.5906386077
0.78 62.9493226359 77.2375278175
0.782 63.0960420767 73.3597204089
0.784 63.2378445665 70.9012448787
0.786 63.3771410385 69.6482360363
0.788 63.5135493675 68.204164505
0.79 63.6479221979 67.1864151954
0.792 63.7769880692 64.5329356193
0.794 63.9019352594 62.4735951423
0.796 64.0279180208 62.9913806915
0.798 64.1593376795 65.7098293304
0.8 64.2896888653 65.1755928993
0.802 64.4216097116 65.9604231503
0.804 64.5513137102 64.8519992828
0.806 64.6798018932 64.2440915108
0.808 64.8067575216 63.4778141975
0.81 64.9330590486 63.1507635116
0.812 65.0580079674 62.4744594097
0.814 65.1881890416 65.0905370712
0.816 65.3186693906 65.2401745319
0.818 65.4495557665 65.443187952
0.82 65.579243791 64.8440122604
0.822 65.7109806954 65.8684521913
0.824 65.8399060487 64.4626766443
0.826 65.970069902 65.0819266448
0.828 66.0974103629 63.6702304473
0.83 66.2314967632 67.0432001352
0.832 66.3639470756 66.225156188
0.834 66.4990211248 67.5370246172
0.836 66.631648612 66.3137435913
0.838 66.7622613429 65.3063654899
0.84 66.8935461163 65.6423866749
0.842 67.0247996568 65.6267702579
0.844 67.1585639238 66.8821334839
0.846 67.2910844802 66.2602782249
0.848 67.4253516912 67.1336054802
0.85 67.5582055886 66.426948705
0.852 67.6884391148 65.1167631149
0.854 67.8194461901 65.5035376549
0.856 67.9539120038 67.2329068184
0.858 68.0853665908 65.7272934913
0.86 68.217994376 66.3138926029
0.862 68.3528261621 67.4158930778
0.864 68.4896868308 68.4303343296
0.866 68.6264049549 68.3590620756
0.868 68.7637742598 68.6846524477
0.87 68.8994550247 67.8403824568
0.872 69.0387545665 69.6497708559
0.874 69.1756411557 68.4432946145
0.876 69.3085677166 66.4632804692
0.878 69.4373311837 64.3817335367
0.88 69.5657771666 64.2229914665
0.882 69.6938556869 64.039260149
0.884 69.8212464292 63.6953711509
0.886 69.9524575908 65.6055808067
0.888 70.0802603801 63.9013946056
0.89 70.2099726041 64.8561120033
0.892 70.3349782069 62.5028014183
0.894 70.4626959403 63.8588666916
0.896 70.5925652821 64.9346709251
0.898 70.7188551584 63.1449381497
0.9 70.8513209978 66.232919693
0.902 70.9830277124 65.853357315
0.904 71.1133374134 65.1548504829
0.906 71.2416526238 64.1576051712
0.908 71.3696849505 64.0161633491
0.91 71.4954559961 62.8855228424
0.912 71.6210650364 62.8045201301
0.914 71.7482549706 63.5949671268
0.916 71.8720392445 61.8921369314
0.918 71.9961173693 62.0390623808
0.92 72.1202415088 62.0620697737
0.922 72.245475377 62.6169340685
0.924 72.3693115497 61.9180863723
0.926 72.4890398392 59.8641447723
0.928 72.6110357801 60.9979704022
0.93 72.7297546426 59.3594312668
0.932 72.8492175499 59.7314536571
0.934 72.966875867 58.8291585445
0.936 73.0819663564 57.5452446937
0.938 73.1951901475 56.6118955612
0.94 73.3093263069 57.06807971
0.942 73.4245013157 57.5875043869
0.944 73.5382012287 56.8499565124
0.946 73.6560915867 58.9451789856
0.948 73.7719699303 57.9391717911
0.95 73.8878289937 57.9295317319
0.952 74.0023044824 57.2377443313
0.954 74.1187170028 58.2062602043
0.956 74.2355328082 58.4079027176
0.958 74.3532705783 58.8688850403
0.96 74.471701312 59.2153668403
0.962 74.5882252335 58.2619607448
0.964 74.7029155373 57.3451519012
0.966 74.8182160734 57.6502680778
0.968 74.9351751088 58.4795176983
0.97 75.0570777535 60.9513223171
0.972 75.1816093653 62.2658059001
0.974 75.3068643465 62.6274906099
0.976 75.4346998028 63.9177281409
0.978 75.5603347003 62.8174487501
0.98 75.6897160887 64.6906942129
0.982 75.8194507539 64.8673325777
0.984 75.9478643417 64.2067939043
0.986 76.0794079184 65.7717883587
0.988 76.2100167751 65.304428339
0.99 76.3412355065 65.6093657017
0.992 76.4720007657 65.3826296329
0.994 76.6021473884 65.0733113289
0.996 76.7339708089 65.9117102623
0.998 76.8636353492 64.8322701454
1.0 76.9908859332 63.625291982
1.002 77.1170976956 63.1058812142
1.004 77.2397553523 61.3288283348
1.006 77.3614059289 60.8252882958
1.008 77.4837498267 61.1719489098
1.01 77.6080500682 62.1501207352
1.012 77.7283396323 60.1447820664
1.014 77.8496808012 60.6705844403
1.016 77.9714665015 60.8928501606
1.018 78.0952125092 61.8730038405
1.02 78.2126510341 58.7192624808
1.022 78.3296860804 58.5175231099
1.024 78.4492295433 59.7717314959
1.026 78.566423028 58.5967423395
1.028 78.6850077857 59.2923788354
1.03 78.8018848796 58.4385469556
1.032 78.9172915716 57.7033460141
1.034 79.0327102144 57.7093213797
1.036 79.1491486628 58.2192242146
1.038 79.2630343635 56.9428503514
1.04 79.3762379487 56.601792574
1.042 79.4836387236 53.7003874779
1.044 79.5956513484 56.0063123703
1.046 79.7096589406 57.0037961006
1.048 79.8208524783 55.5967688561
1.05 79.9315470059 55.347263813
1.052 80.0425065358 55.4797649384
1.054 80.1531308809 55.3121725705
1.056 80.2631654659 55.0172924996
1.058 80.3733148495 55.0746917725
1.06 80.4820600668 54.3726086617
1.062 80.5917500177 54.8449754715
1.064 80.6986675182 53.458750248
1.066 80.8088018218 55.0671517849
1.068 80.917388312 54.2932450772
1.07 81.0240430752 53.3273816109
1.072 81.1319948355 53.9758801461
1.074 81.2411163071 54.5607358218
1.076 81.3473793188 53.131505847
1.078 81.4553705076 53.9955943823
1.08 81.56284403 53.7367612124
1.082 81.6671861498 52.1710598842
1.084 81.7743968809 53.6053655669
1.086 81.8804640839 53.0336014927
1.088 81.9883572677 53.9465919137
1.09 82.0959415058 53.7921190262
1.092 82.202252976 53.1557351351
1.094 82.3091109315 53.4289777279
1.096 82.4171897093 54.0393888951
1.098 82.5251603642 53.9853274823
1.1 82.632394127 53.6168813706
1.102 82.7415732065 54.5895397663
1.104 82.846375219 52.4010062218
1.106 82.9509636084 52.2941946984
1.108 83.0570094505 53.0229210854
1.11 83.1601014057 51.5459775925
1.112 83.2640100955 51.9543449071
1.114 83.3710122346 53.5010695458
1.116 83.4759669542 52.4773597718
1.118 83.5800966262 52.0648360253
1.12 83.6845635413 52.2334575653
1.122 83.7908313512 53.133904934
1.124 83.8968495368 53.0090928078
1.126 84.0050193905 54.0849268437
1.128 84.1108883857 52.9344975949
1.13 84.2193718194 54.2417168618
1.132 84.3289378523 54.7830164433
1.134 84.43849411 54.7781288624
1.136 84.5467376649 54.1217774153
1.138 84.6550232559 54.1427955032
1.14 84.7629633262 53.9700351656
1.142 84.871038565 54.0376193822
1.144 84.9805592685 54.7603517771
1.146 85.0925328671 55.9867992997
1.148 85.2027989864 55.1330596209
1.15 85.3129723012 55.0866574049
1.152 85.4244453549 55.7365268469
1.154 85.5347083449 55.131494999
1.156 85.644398415 54.8450350762
1.158 85.7522669672 53.934276104
1.16 85.8587558507 53.2444417477
1.162 85.9664701461 53.8571476937
1.164 86.0711062192 52.3180365563
1.166 86.1761701345 52.5319576264
1.168 86.2823685645 53.0992150307
1.17 86.3911515712 54.3915033341
1.172 86.4997851212 54.3167750028
1.174 86.6089289744 54.5719265938
1.176 86.7164329846 53.7520051003
1.178 86.8239824135 53.7747144699
1.18 86.9323069413 54.1622638703
1.182 87.0411804874 54.4367730618
1.184 87.150714155 54.7668337822
1.186 87.2589027245 54.0942847729
1.188 87.3675464947 54.321885109
1.19 87.4772145708 54.8340380192
1.192 87.5840217729 53.4036010504
1.194 87.6916048188 53.7915229798
1.196 87.7994226028 53.9088919759
1.198 87.9065859687 53.5816829652
1.2 88.0122612414 52.8376363218
1.202 88.1210437079 54.3912332505
1.204 88.2275085111 53.2324016095
1.206 88.3336376805 53.0645847321
1.208 88.4395563562 52.9593378306
1.21 88.543500777 51.9722104073
1.212 88.6488484104 52.6738166809
1.214 88.755423661 53.2876253128
1.216 88.8606708605 52.6235997677
1.218 88.966532882 52.9310107231
1.22 89.0700313408 51.7492294312
1.222 89.1752645333 52.616596222
1.224 89.2788709958 51.8032312393
1.226 89.3812704642 51.199734211
1.228 89.4829065163 50.8180260659
1.23 89.5843159834 50.7047335294
1.232 89.6876578012 51.6709089279
1.234 89.790167419 51.2548089028
1.236 89.8899647871 49.8986840248
1.238 89.9907735268 50.4043698311
1.24 90.0929926315 51.1095523835
1.242 90.193947939 50.4776537419
1.244 90.293623654 49.8378574848
1.246 90.3934284726 49.9024093151
1.248 90.4938860217 50.2287745476
1.25 90.5947249213 50.4194498062
1.252 90.6955195049 50.3972917795
1.254 90.7951540926 49.8172938824
1.256 90.8967443088 50.7951080799
1.258 90.9975745434 50.4151172936
1.26 91.0968121009 49.6187787503
1.262 91.1944671625 48.8275308162
1.264 91.2945308516 50.0318445266
1.266 91.3946278373 50.0484928489
1.268 91.4935244003 49.4482815266
1.27 91.5925285498 49.5020747185
1.272 91.6898281256 48.6497879029
1.274 91.7860880175 48.1299459935
1.276 91.8834599534 48.6859679222
1.278 91.9835899154 50.0649809838
1.28 92.0815120617 48.9610731602
1.282 92.1776289621 48.058450222
1.284 92.2745467106 48.4588742256
1.286 92.3722138086 48.8335490227
1.288 92.4700287262 48.9074587822
1.29 92.568566052 49.2686629296
1.292 92.6643260399 47.8799939156
1.294 92.7604484557 48.061207929
1.296 92.8568909167 48.2212305069
1.298 92.9522998332 47.7044582367
1.3 93.0465461015 47.1231341362
1.302 93.143954873 48.7043857575
1.304 93.2396945953 47.869861126
1.306 93.3363568186 48.3311116696
1.308 93.4334410428 48.5421121121
1.31 93.5300397276 48.2993423939
1.312 93.6259619593 47.9611158371
1.314 93.7264277934 50.2329170704
1.316 93.8249093293 49.2407679558
1.318 93.9233994185 49.2450445891
1.32 94.0209161191 48.7583503127
1.322 94.1186480819 48.8659814
1.324 94.2190058231 50.1788705588
1.326 94.3186415582 49.8178675771
1.328 94.4192192256 50.2888336778
1.33 94.5159739851 48.3773797751
1.332 94.6177796721 50.9028434754
1.334 94.7173036336 49.761980772
1.336 94.8139901756 48.3432710171
1.338 94.9129999875 49.5049059391
1.34 95.0105758905 48.7879514694
1.342 95.1086026429 49.013376236
1.344 95.2047812342 48.0892956257
1.346 95.3025209903 48.8698780537
1.348 95.39985013 48.6645698548
1.35 95.4964512586 48.3005642891
1.352 95.5904155969 46.9821691513
1.354 95.6876456737 48.615038395
1.356 95.7845683097 48.4613180161
1.358 95.8809180577 48.1748739865
1.36 95.9785440285 48.8129854203
1.362 96.0760811884 48.7685799599
1.364 96.1734272559 48.6730337143
1.366 96.2691120226 47.8423833847
1.368 96.3634263594 47.1571683884
1.37 96.4596816022 48.1276214123
1.372 96.5583932717 49.3558347225
1.374 96.6544893105 48.0480194092
1.376 96.7524879296 48.9993095398
1.378 96.8503461201 48.9290952683
1.38 96.9492576737 49.4557768107
1.382 97.0457501729 48.2462495566
1.384 97.1435013432 48.8755851984
1.386 97.2395732869 48.0359718204
1.388 97.3375567291 48.9917211235
1.39 97.4359981362 49.2207035423
1.392 97.5341407974 49.0713305772
1.394 97.6302888114 48.0740070343
1.396 97.7286360879 49.1736382246
1.398 97.8265439589 48.953935504
1.4 97.9252763708 49.3662059307
1.402 98.0203051884 47.5144088269
1.404 98.1152577717 47.4762916565
1.406 98.2116742451 48.2082366944
1.408 98.3070878704 47.7068126202
1.41 98.4013827164 47.147423029
1.412 98.4960544426 47.3358631134
1.414 98.5905651171 47.2553372383
1.416 98.6855737288 47.5043058396
1.418 98.7792673428 46.846807003
1.42 98.8736859877 47.2093224526
1.422 98.9689613024 47.6376573232
1.424 99.0639495292 47.4941134453
1.426 99.1604912916 48.270881176
1.428 99.2549439112 47.2263097763
1.43 99.3506277242 47.8419065476
1.432 99.4447919765 47.0821261406
1.434 99.5380886236 46.6483235359
1.436 99.6315385738 46.7249751091
1.438 99.725450162 46.955794096
1.44 99.8181698957 46.3598668576
1.442 99.9103309551 46.0805296898
1.444 100.004377369 47.0232069493
1.446 100.096274082 45.94835639
1.448 100.189461891 46.5939044953
1.45 100.281285856 45.9119826556
1.452 100.374016453 46.3652983308
1.454 100.466007251 45.9953993559
1.456 100.556404149 45.1984489337
1.458 100.647997957 45.7969037816
1.46 100.741468329 46.7351861298
1.462 100.83570439 47.1180304885
1.464 100.92869765 46.496629715
1.466 101.022490446 46.8963980675
1.468 101.116685335 47.0974445343
1.47 101.212999407 48.1570363045
1.472 101.306538288 46.7694401741
1.474 101.401651744 47.5567281246
1.476 101.495989505 47.1688807011
1.478 101.590458576 47.2345352173
1.48 101.685765449 47.6534366608
1.482 101.78071088 47.4727153778
1.484 101.876081888 47.6855039597
1.486 101.970905844 47.4119782448
1.488 102.065477673 47.2859144211
1.49 102.162187433 48.3548800138
1.492 102.258270478 48.0415225029
1.494 102.354410267 48.0698943138
1.496 102.449621534 47.6056337357
1.498 102.543618059 46.9982624054
1.5 102.639464712 47.9233264923
1.502 102.733677363 47.1063256264
1.504 102.826830184 46.576410532
1.506 102.921677208 47.4235117436
1.508 103.013821816 46.0723042488
1.51 103.104420519 45.2993512154
1.512 103.195194042 45.386761427
1.514 103.287249094 46.0275262594
1.516 103.377417123 45.084014535
1.518 103.466986394 44.7846353054
1.52 103.556379928 44.6967668832
1.522 103.646135021 44.8775468394
1.524 103.735204554 44.5347661153
1.526 103.825565717 45.1805815101
1.528 103.915666169 45.050226152
1.53 104.007749325 46.0415780545
1.532 104.097398645 44.8246598244
1.534 104.185475087 44.0382212401
1.536 104.27292428 43.7245965004
1.538 104.361280477 44.1780984402
1.54 104.448523378 43.6214506626
1.542 104.537782824 44.6297228337
1.544 104.625978148 44.0976619721
1.546 104.714506125 44.2639887333
1.548 104.804338312 44.9160933495
1.55 104.892011738 43.8367128372
1.552 104.981252408 44.6203351021
1.554 105.070631242 44.6894168854
1.556 105.160507893 44.938325882
1.558 105.249137529 44.3148175862
1.56 105.339154609 45.0085401535
1.562 105.427215822 44.0306067467
1.564 105.517611392 45.1977849007
1.566 105.607205041 44.7968244553
1.568 105.696344264 44.5696115494
1.57 105.783345826 43.5007810593
1.572 105.871602245 44.1282093525
1.574 105.962553628 45.475691557
1.576 106.052443989 44.9451804161
1.578 106.141291328 44.4236695767
1.58 106.23373092 46.2197959423
1.582 106.324065932 45.1675057411
1.584 106.415598847 45.7664579153
1.586 106.507516541 45.9588468075
1.588 106.599601038 46.0422486067
1.59 106.689702988 45.0509749353
1.592 106.779553384 44.925197959
1.594 106.868842375 44.6444954723
1.596 106.959754683 45.456154272
1.598 107.050222032 45.2336743474
1.6 107.141085633 45.4318001867
1.602 107.231740155 45.3272610903
1.604 107.321756788 45.0083166361
1.606 107.410333224 44.2882180214
1.608 107.501521953 45.5943644047
1.61 107.59006805 44.2730486393
1.612 107.6761216 43.0267751217
1.614 107.763264604 43.5715019703
1.616 107.851455339 44.0953671932
1.618 107.939196237 43.8704490662
1.62 108.02488447 42.8441166878
1.622 108.112006911 43.5612201691
1.624 108.199032434 43.5127615929
1.626 108.284211882 42.5897240639
1.628 108.37009085 42.9394841194
1.63 108.456611673 43.2604114202
1.632 108.543502609 43.4454679489
1.634 108.629966418 43.2319045067
1.636 108.717458288 43.7459349633
1.638 108.804684798 43.613255024
1.64 108.890788595 43.0518984795
1.642 108.976476232 42.8438186646
1.644 109.062796215 43.1599915028
1.646 109.147169093 42.1864390373
1.648 109.232777993 42.8044497967
1.65 109.317890982 42.5564944744
1.652 109.403135935 42.6224768162
1.654 109.488962273 42.9131686688
1.656 109.573714356 42.3760414124
1.658 109.656348298 41.3169711828
1.66 109.740410099 42.0309007168
1.662 109.826647917 43.1189090014
1.664 109.910366795 41.8594386429
1.666 109.99448338 42.0582927764
1.668 110.078772249 42.1444345266
1.67 110.161288137 41.2579439581
1.672 110.244750957 41.7314097286
1.674 110.328069727 41.6593849659
1.676 110.410026501 40.9783869982
1.678 110.494410972 42.1922355891
1.68 110.578909973 42.2495007515
1.682 110.661664764 41.3773953915
1.684 110.745838145 42.0866906643
1.686 110.829858045 42.0099496842
1.688 110.913829605 41.9857800007
1.69 110.99956421 42.8673028946
1.692 111.082724253 41.5800213814
1.694 111.169256965 43.2663559914
1.696 111.255516211 43.1296229363
1.698 111.339491288 41.9875383377
1.7 111.424540798 42.5247550011
1.702 111.50990359 42.6813960076
1.704 111.59475739 42.4269000676
1.706 111.681803894 43.5232520104
1.708 111.767788601 42.9923534394
1.71 111.855616879 43.9141392708
1.712 111.942139101 43.2611107826
1.714 112.029923153 43.8920259476
1.716 112.115862322 42.9695844651
1.718 112.20042671 42.2821938992
1.72 112.289099347 44.3363189698
1.722 112.374898267 42.8994596005
1.724 112.460692656 42.897194624
1.726 112.548913312 44.1103279591
1.728 112.635592145 43.3394163847
1.73 112.721355778 42.8818166256
1.732 112.805413467 42.0288443566
1.734 112.889445585 42.0160591603
1.736 112.976847437 43.7009260059
1.738 113.061013204 42.0828834176
1.74 113.14608229 42.5345432014
1.742 113.230797645 42.3576775939
1.744 113.31599119 42.5967723131
1.746 113.400588286 42.2985479236
1.748 113.485716921 42.5643175841
1.75 113.571379524 42.8313016892
1.752 113.655783546 42.2020107508
1.754 113.740933967 42.5752103329
1.756 113.824387145 41.7265892029
1.758 113.908058178 41.8355166912
1.76 113.991237831 41.5898263455
1.762 114.07340951 41.0858392716
1.764 114.157496166 42.0433282852
1.766 114.23942585 40.9648418427
1.768 114.321227026 40.9005880356
1.77 114.403416943 41.0949587822
1.772 114.486391616 41.4873361588
1.774 114.567419362 40.5138731003
1.776 114.65006609 41.323363781
1.778 114.733833178 41.8835441259
1.78 114.813901289 40.0340557099
1.782 114.895231827 40.665268898
1.784 114.976439102 40.6036376953
1.786 115.058224066 40.8924818039
1.788 115.13948737 40.6316518784
1.79 115.221157654 40.8351421356
1.792 115.302841647 40.8419966698
1.794 115.383419915 40.2891337872
1.796 115.465473278 41.0266816616
1.798 115.546996816 40.7617688179
1.8 115.628656312 40.8297479153
1.802 115.711090787 41.217237711
1.804 115.793488993 41.1991029978
1.806 115.874993726 40.7523661852
1.808 115.957442864 41.2245690823
1.81 116.039627566 41.092351079
1.812 116.12092851 40.650472045
1.814 116.202758352 40.91492109
1.816 116.285522538 41.3820929826
1.818 116.367878704 41.1780830473
1.82 116.449682682 40.9019887448
1.822 116.53428541 42.3013642431
1.824 116.615108593 40.4115915299
1.826 116.696498259 40.6948328018
1.828 116.779511793 41.506767273
1.83 116.860719128 40.6036674977
1.832 116.94170843 40.4946506024
1.834 117.025028928 41.6602492333
1.836 117.105914279 40.4426753521
1.838 117.186357542 40.221631527
1.84 117.268806203 41.2243306637
1.842 117.350247606 40.7207012177
1.844 117.43099664 40.3745174408
1.846 117.510339483 39.671421051
1.848 117.590546354 40.1034355164
1.85 117.669743641 39.5986437798
1.852 117.749181851 39.7191047669
1.854 117.829603569 40.2108589795
1.856 117.910165564 40.2809977532
1.858 117.986621872 38.2281541825
1.86 118.065337197 39.3576622009
1.862 118.14454116 39.6019816399
1.864 118.222428576 38.943707943
1.866 118.299747364 38.6593937874
1.868 118.377065317 38.6589765549
1.87 118.455655531 39.2951071263
1.872 118.534089879 39.2171740532
1.874 118.613548891 39.7295057774
1.876 118.691711382 39.0812456608
1.878 118.769760148 39.0243828297
1.88 118.848100082 39.1699671746
1.882 118.926555798 39.2278581858
1.884 119.003854022 38.6491119862
1.886 119.082886682 39.5163297653
1.888 119.160588236 38.8507768512
1.89 119.237302572 38.3571684361
1.892 119.314058811 38.3781194687
1.894 119.391250268 38.5957281105
1.896 119.467957565 38.3536485024
1.898 119.545562969 38.8027019799
1.9 119.622022406 38.2297188044
1.902 119.699710832 38.8442128897
1.904 119.778934346 39.6117568016
1.906 119.855924175 38.4949147701
1.908 119.935256378 39.6661013365
1.91 120.012659506 38.7015640736
1.912 120.090467528 38.9040112496
1.914 120.168401317 38.9668941498
1.916 120.247071044 39.3348634243
1.918 120.322230534 37.5797450543
1.92 120.399976508 38.872987032
1.922 120.477541582 38.7825369835
1.924 120.554934637 38.6965274811
1.926 120.633759276 39.4123196602
1.928 120.712010757 39.1257405281
1.93 120.790884153 39.4366979599
1.932 120.871084706 40.1002764702
1.934 120.94985582 39.3855571747
1.936 121.028708148 39.4261638311
1.938 121.106628585 38.9602184296
1.94 121.185291219 39.331316948
1.942 121.26286428 38.7865304947
1.944 121.340895104 39.0154123306
1.946 121.419286179 39.1955375672
1.948 121.498006749 39.3602848053
1.95 121.575414944 38.704097271
1.952 121.653364408 38.9747321606
1.954 121.729501235 38.0684137345
1.956 121.805674124 38.0864441395
1.958 121.883561301 38.9435887337
1.96 121.960651326 38.5450124741
1.962 122.037311959 38.3303165436
1.964 122.115307438 38.9977395535
1.966 122.192351925 38.5222434998
1.968 122.270122129 38.885101676
1.97 122.346865418 38.3716449142
1.972 122.423764135 38.4493581951
1.974 122.50159171 38.9137873426
1.976 122.578866291 38.6372907087
1.978 122.653753194 37.4434515834
1.98 122.730109143 38.1779745221
1.982 122.807851779 38.8713181019
1.984 122.884251463 38.1998419762
1.986 122.958454299 37.1014177799
1.988 123.034749973 38.1478369236
1.99 123.110525298 37.8876626492
1.992 123.185706901 37.5908017159
1.994 123.262605715 38.4494066239
1.996 123.337209928 37.3021066189
1.998 123.412926066 37.858068943
2.0 123.487917411 37.4956727028
2.002 123.562897134 37.4898612499
2.004 123.638276267 37.6895666122
2.006 123.714245963 37.9848480224
2.008 123.787877488 36.8157625198
2.01 123.863724518 37.9235148429
2.012 123.938380527 37.328004837
2.014 124.010704684 36.1620783805
2.016 124.08190875 35.6020331382
2.018 124.156964739 37.5279943135
2.02 124.231919606 37.4774336814
2.022 124.306466778 37.2735857963
2.024 124.380750139 37.1416807174
2.026 124.456772168 38.0110144615
2.028 124.531225761 37.2267961502
2.03 124.604983648 36.8789434433
2.032 124.680015107 37.5157296657
2.034 124.75595357 37.9692316055
2.036 124.829194566 36.6204977035
2.038 124.904656192 37.7308130264
2.04 124.978887578 37.1156930923
2.042 125.05359741 37.3549163341
2.044 125.1270956 36.7490947246
2.046 125.202038576 37.4714881181
2.048 125.27456518 36.2633019685
2.05 125.349102755 37.2687876224
2.052 125.424079229 37.4882370233
2.054 125.499885981 37.9033759236
2.056 125.573333685 36.7238521575
2.058 125.648546439 37.6063766889
2.06 125.721794107 36.6238341666
2.062 125.796322082 37.2639875859
2.064 125.86873499 36.2064540386
2.066 125.942391982 36.828495562
2.068 126.014953544 36.2807810306
2.07 126.087605377 36.3259166479
2.072 126.160664846 36.5297347307
2.074 126.233750661 36.5429073572
2.076 126.307395895 36.8226170539
2.078 126.379244407 35.9242558479
2.08 126.451834043 36.2948179245
2.082 126.523630281 35.8981192112
2.084 126.594809314 35.5895161628
2.086 126.668278297 36.7344915866
2.088 126.737856706 34.7892045974
2.09 126.809194883 35.6690883636
2.092 126.881483634 36.144375801
2.094 126.952754577 35.635471344
2.096 127.023543676 35.3945493698
2.098 127.095411499 35.9339118003
2.1 127.164370378 34.4794392585
2.102 127.236192814 35.9112183239
2.104 127.30717837 35.4927778244
2.106 127.377467505 35.1445674896
2.108 127.449263326 35.8979105949
2.11 127.52026271 35.4996919632
2.112 127.59100341 35.370349884
2.114 127.662894956 35.9457731247
2.116 127.733950845 35.5279445648
2.118 127.805242054 35.6456041336
2.12 127.878218464 36.4882051944
2.122 127.94907128 35.4264080524
2.124 128.022374562 36.6516411304
2.126 128.095284931 36.4551842212
2.128 128.16486489 34.7899794578
2.13 128.238445691 36.7904007434
2.132 128.313607685 37.5809967517
2.134 128.386245809 36.3190621137
2.136 128.459700159 36.7271751165
2.138 128.532521836 36.4108383655
2.14 128.604390211 35.9341874718
2.142 128.67708639 36.3480895757
2.144 128.750111151 36.5123804658
2.146 128.823048926 36.4688877016
2.148 128.894770391 35.8607321977
2.15 128.967346317 36.2879633903
2.152 129.039478488 36.0660851001
2.154 129.110324375 35.4229435324
2.156 129.182583413 36.1295193433
2.158 129.255709849 36.5632176399
2.16 129.328109197 36.1996740102
2.162 129.400698892 36.2948477268
2.164 129.473006419 36.1537635326
2.166 129.545000247 35.9969139099
2.168 129.616396181 35.697966814
2.17 129.687656812 35.6303155422
2.172 129.759841732 36.0924601554
2.174 129.831567041 35.8626544475
2.176 129.902631871 35.5324149131
2.178 129.974005453 35.6867909431
2.18 130.045346967 35.6707572937
2.182 130.116480938 35.5669856071
2.184 130.186010472 34.7647666931
2.186 130.25769972 35.8446240425
2.188 130.32669901 34.4996452331
2.19 130.396117949 34.709469476
2.192 130.465772653 34.8273515701
2.194 130.537030244 35.6287956237
2.196 130.605966949 34.4683527946
2.198 130.675896907 34.9649786949
2.2 130.745349312 34.7262024879
2.202 130.816556597 35.6036424636
2.204 130.887629413 35.5364084243
2.206 130.958126628 35.248607397
2.208 131.027904117 34.8887443542
2.21 131.097957933 35.0269079208
2.212 131.167081618 34.5618426799
2.214 131.237497651 35.2080166339
2.216 131.307313347 34.9078476429
2.218 131.377243781 34.9652171135
2.22 131.446699107 34.7276628017
2.222 131.517832452 35.5666726827
2.224 131.587673598 34.9205732345
2.226 131.656656736 34.4915688037
2.228 131.72688877 35.1160168647
2.23 131.796743387 34.9273085594
2.232 131.865132475 34.1945439577
2.234 131.935859094 35.363309551
2.236 132.005359983 34.7504443489
2.238 132.074972176 34.8060969263
2.24 132.143538439 34.283131361
2.242 132.211983645 34.2226028442
2.244 132.281401718 34.7090363502
2.246 132.349307799 33.9530408382
2.248 132.414986873 32.8395366668
2.25 132.482645416 33.8292717933
2.252 132.550340855 33.8477194309
2.254 132.617542231 33.6006879806
2.256 132.684977317 33.7175428867
2.258 132.752496207 33.759444952
2.26 132.818154776 32.8292846679
2.262 132.885963404 33.9043140411
2.264 132.952609682 33.3231389522
2.266 133.019106293 33.2483053207
2.268 133.086080694 33.487200737
2.27 133.153178716 33.5490107536
2.272 133.220688248 33.7547659874
2.274 133.287000203 33.1559777259
2.276 133.353975916 33.4878563881
2.278 133.422307753 34.165918827
2.28 133.490621352 34.1567993164
2.282 133.557225402 33.3020249989
2.284 133.624082263 33.4284305572
2.286 133.691645201 33.7814688682
2.288 133.759109314 33.7320566177
2.29 133.825910147 33.4004163742
2.292 133.893674668 33.8822603225
2.294 133.9624384 34.381866455
2.296 134.030116137 33.8388681411
2.298 134.097901459 33.892661333
2.3 134.166163679 34.1311097145
2.302 134.234493013 34.1646671295
2.304 134.301625784 33.5663855075
2.306 134.371228572 34.8013937473
2.308 134.438606675 33.6890518665
2.31 134.507539268 34.4662964344
2.312 134.577125009 34.7928702831
2.314 134.644952412 33.9137017726
2.316 134.713348951 34.198269248
2.318 134.782001312 34.3261808157
2.32 134.851073261 34.5359742641
2.322 134.919892784 34.4097614288
2.324 134.98905665 34.5819331705
2.326 135.058283124 34.6132367849
2.328 135.127007138 34.3620069325
2.33 135.19573621 34.3645364046
2.332 135.264737557 34.5006734132
2.334 135.334191125 34.7267836332
2.336 135.402036216 33.9225456118
2.338 135.470017727 33.9907556772
2.34 135.536423858 33.2030653953
2.342 135.603583868 33.5800051689
2.344 135.670987066 33.7015986442
2.346 135.737592395 33.3026647567
2.348 135.804544087 33.4758460521
2.35 135.871450897 33.4534049034
2.352 135.937765594 33.1573486328
2.354 136.0054298 33.832103014
2.356 136.071976181 33.2731902599
2.358 136.139103111 33.5634648799
2.36 136.20699149 33.9441895485
2.362 136.273093637 33.0510735511
2.364 136.339303787 33.1050753593
2.366 136.404827889 32.7620506286
2.368 136.470529254 32.8506827354
2.37 136.538255747 33.8632464408
2.372 136.604807313 33.2757830619
2.374 136.67051026 32.851473489
2.376 136.73704776 33.2687497139
2.378 136.802284924 32.6185822486
2.38 136.869879929 33.7975025177
2.382 136.934407679 32.2638750076
2.384 137.00069615 33.1442356109
2.386 137.066906897 33.1053733825
2.388 137.130958764 32.0259332656
2.39 137.196122376 32.5818061828
2.392 137.262498406 33.1880152225
2.394 137.32848194 32.9917669296
2.396 137.394516138 33.0170989036
2.398 137.460378019 32.9309403896
2.4 137.527039377 33.3306789398
2.402 137.593486516 33.2235693931
2.404 137.65903875 32.7761173248
2.406 137.724920003 32.9406261444
2.408 137.791057883 33.0689400434
2.41 137.858008949 33.4755331277
2.412 137.925181417 33.5862338543
2.414 137.990229232 32.523907721
2.416 138.057133345 33.4520563483
2.418 138.122205732 32.5361937284
2.42 138.187928201 32.8612346202
2.422 138.253053931 32.5628649443
2.424 138.319051442 32.9987555742
2.426 138.384392274 32.6704159379
2.428 138.449393121 32.500423491
2.43 138.514479784 32.5433313846
2.432 138.580717353 33.1187844276
2.434 138.64622098 32.7518135309
2.436 138.711141137 32.460078597
2.438 138.775467423 32.1631431579
2.44 138.839443831 31.9882035255
2.442 138.903524307 32.0402383804
2.444 138.969713537 33.0946147441
2.446 139.03315684 31.7216515541
2.448 139.098009912 32.4265360832
2.45 139.161566762 31.7784249782
2.452 139.226531414 32.4823260307
2.454 139.291787712 32.6281487941
2.456 139.355190722 31.7015051841
2.458 139.419276802 32.0430397987
2.46 139.482738225 31.7307114601
2.462 139.546118824 31.6902995109
2.464 139.609936563 31.9088697433
2.466 139.674444524 32.2539806366
2.468 139.739070503 32.3129892349
2.47 139.803866982 32.3982397702
2.472 139.868304014 32.2185158729
2.474 139.932862997 32.2794914245
2.476 139.999918938 33.527970314
2.478 140.062652707 31.3668847084
2.48 140.126199126 31.7732095718
2.482 140.191978335 32.8896045684
2.484 140.256328583 32.1751236915
2.486 140.321566224 32.6188206672
2.488 140.387368977 32.9013764858
2.49 140.451623917 32.127469778
2.492 140.517009675 32.6928794384
2.494 140.583243608 33.1169664859
2.496 140.647409677 32.0830345153
2.498 140.713201582 32.8959524631
2.5 140.777880072 32.3392450809
2.502 140.842422783 32.2713553905
2.504 140.906529188 32.0532023906
2.506 140.972478688 32.9747498035
2.508 141.036225378 31.873345375
2.51 141.100104689 31.9396555423
2.512 141.163977757 31.9365337491
2.514 141.226922497 31.4723700285
2.516 141.290150799 31.6141508519
2.518 141.354031833 31.9405170157
2.52 141.416746992 31.3575798645
2.522 141.478928186 31.0905966907
2.524 141.540529057 30.800435692
2.526 141.602663725 31.0673341155
2.528 141.664729714 31.0329943895
2.53 141.725108653 30.1894694566
2.532 141.788276464 31.58390522
2.534 141.84773761 29.7305732965
2.536 141.909777343 31.0198664665
2.538 141.96920383 29.713243246
2.54 142.031177223 30.9866964817
2.542 142.092183709 30.5032432079
2.544 142.153464496 30.6403934955
2.546 142.214534104 30.5348038673
2.548 142.274581134 30.0235152244
2.55 142.335085571 30.2522182464
2.552 142.397095442 31.004935503
2.554 142.457555175 30.2298665046
2.556 142.519853353 31.1490893364
2.558 142.582121014 31.1338305473
2.56 142.644785285 31.3321352005
2.562 142.707807779 31.511247158
2.564 142.769407987 30.8001041412
2.566 142.831535339 31.0636758804
2.568 142.894225955 31.345307827
2.57 142.957903178 31.8386117604
2.572 143.019964131 31.0304760933
2.574 143.082028659 31.0322642326
2.576 143.144107254 31.0392975807
2.578 143.206989082 31.4409136772
2.58 143.268762382 30.8866500854
2.582 143.329984577 30.6110978126
2.584 143.39196864 30.9920310974
2.586 143.455337914 31.6846370697
2.588 143.517616482 31.1392843723
2.59 143.579971822 31.1776697635
2.592 143.642993839 31.5110087394
2.594 143.705222698 31.1144292354
2.596 143.766393276 30.5852890014
2.598 143.829477103 31.5419137477
2.6 143.891030105 30.7765007019
2.602 143.953332039 31.1509668827
2.604 144.017057033 31.8624973297
2.606 144.078732105 30.8375358581
2.608 144.142759385 32.0136398077
2.61 144.203097465 30.1690399646
2.612 144.265872614 31.3875749707
2.614 144.328314768 31.2210768461
2.616 144.390948171 31.3167013228
2.618 144.452734562 30.8931954205
2.62 144.514316822 30.7911303825
2.622 144.575585896 30.6345368735
2.624 144.63602181 30.2179567515
2.626 144.699391412 31.6848009824
2.628 144.75953983 30.0742089748
2.63 144.820941539 30.7008549571
2.632 144.882822039 30.9402495622
2.634 144.944364013 30.7709872722
2.636 145.008635195 32.1355909109
2.638 145.070887955 31.1263799667
2.64 145.133976372 31.5442085266
2.642 145.197214397 31.6190123558
2.644 145.258540543 30.6630730629
2.646 145.319367142 30.4132997989
2.648 145.382212492 31.4226746559
2.65 145.445706101 31.7468047142
2.652 145.508434208 31.3640534877
2.654 145.570311697 30.9387445449
2.656 145.632952722 31.3205122947
2.658 145.695822867 31.435072422
2.66 145.759365352 31.7712426185
2.662 145.822421582 31.5281152725
2.664 145.88526419 31.421303749
2.666 145.94838384 31.5598249435
2.668 146.0112547 31.4354300499
2.67 146.074268373 31.5068364143
2.672 146.135997001 30.8643142369
2.674 146.199309055 31.6560268402
2.676 146.26195294 31.3219428062
2.678 146.32321376 30.6304097175
2.68 146.385842148 31.3141942024
2.682 146.446703617 30.4307341575
2.684 146.508405034 30.8507084846
2.686 146.570846979 31.220972538
2.688 146.631991331 30.5721759796
2.69 146.691074971 29.5418202877
2.692 146.7533927 31.1588644981
2.694 146.813284997 29.9461483955
2.696 146.873091642 29.9033224582
2.698 146.93268377 29.7960639
2.7 146.993962292 30.6392610073
2.702 147.054850821 30.4442644119
2.704 147.11330444 29.22680974
2.706 147.172484074 29.5898169279
2.708 147.230964188 29.2400568723
2.71 147.289408986 29.2223989963
2.712 147.349288527 29.9397706985
2.714 147.407944817 29.3281450867
2.716 147.467427913 29.7415480017
2.718 147.52592035 29.2462185025
2.72 147.585244957 29.6623036265
2.722 147.645117587 29.9363145604
2.724 147.703828421 29.3554170057
2.726 147.761815701 28.993640095
2.728 147.823134873 30.6595861911
2.73 147.882081572 29.473349452
2.732 147.941732977 29.8257023096
2.734 148.002756361 30.5116921663
2.736 148.065681491 31.4625650644
2.738 148.126801226 30.5598676204
2.74 148.188851658 31.0252159834
2.742 148.250837032 30.9926867485
2.744 148.312564198 30.8635830879
2.746 148.374857251 31.1465263366
2.748 148.436663393 30.903071165
2.75 148.497711543 30.5240750312
2.752 148.56003261 31.1605334282
2.754 148.619919423 29.9434065818
2.756 148.681497757 30.7891666889
2.758 148.744796816 31.6495299339
2.76 148.807080571 31.1418771743
2.762 148.866601292 29.7603607177
2.764 148.929301921 31.3503146171
2.766 148.990406696 30.5523872375
2.768 149.05180246 30.6978821754
2.77 149.112088267 30.1429033279
2.772 149.172972027 30.4418802261
2.774 149.23168633 29.3571511891
2.776 149.291082239 29.6979546547
2.778 149.351071811 29.9947857856
2.78 149.410639858 29.7840237617
2.782 149.470206952 29.7835469246
2.784 149.52765665 28.7248492241
2.786 149.587272262 29.807806015
2.788 149.646733618 29.7306776046
2.79 149.705436563 29.3514728546
2.792 149.764265156 29.4142961502
2.794 149.821854746 28.7947952747
2.796 149.878249264 28.1972587108
2.798 149.935607946 28.6793410778
2.8 149.993029451 28.7107527256
2.802 150.052717602 29.8440754413
2.804 150.110685682 28.9840400219
2.806 150.16722033 28.2673239708
2.808 150.225303626 29.041647911
2.81 150.283051824 28.8740992546
2.812 150.340842074 28.895124793
2.814 150.400799966 29.9789458513
2.816 150.459155476 29.1777551174
2.818 150.519485539 30.1650315523
2.82 150.578984967 29.7497138381
2.822 150.63849253 29.7537818551
2.824 150.69947405 30.4907597601
2.826 150.75946332 29.9946349114
2.828 150.820625747 30.5812135338
2.83 150.881505696 30.4399747401
2.832 150.941878116 30.1862098276
2.834 151.003980255 31.051069498
2.836 151.065274632 30.647188425
2.838 151.126624232 30.6748002767
2.84 151.186616218 29.9959927797
2.842 151.249426162 31.4049720764
2.844 151.309773064 30.1734507084
2.846 151.369345641 29.7862887382
2.848 151.430617905 30.6361317634
2.85 151.491113281 30.2476882934
2.852 151.550924039 29.9053788185
2.854 151.610065496 29.5707285404
2.856 151.66786102 28.8977622985
2.858 151.725436008 28.7874937057
2.86 151.783082163 28.8230776786
2.862 151.839204526 28.0611813068
2.864 151.896219587 28.5075306892
2.866 151.952363586 28.0719995498
2.868 152.011129475 29.382944107
2.87 152.0665308 27.7006626129
2.872 152.121547317 27.5082588195
2.874 152.176346636 27.3996591568
2.876 152.230217314 26.935338974
2.878 152.285494065 27.6383757591
2.88 152.339821315 27.1636247635
2.882 152.392470964 26.3248244908
2.884 152.447907217 27.7181267738
2.886 152.503226288 27.659535408
2.888 152.557906397 27.340054512
2.89 152.611821302 26.9574522972
2.892 152.668017634 28.0981659889
2.894 152.724041351 28.0118584633
2.896 152.780656346 28.3074975013
2.898 152.837724097 28.5338759422
2.9 152.898072608 30.1742553711
2.902 152.95838935 30.1583707332
2.904 153.017516323 29.563486576
2.906 153.076631554 29.5576155185
2.908 153.135122963 29.2457044124
2.91 153.197032519 30.9547781944
2.912 153.258976527 30.9720039367
2.914 153.32268823 31.8558514118
2.916 153.383980401 30.6460857391
2.918 153.44692383 31.4717143774
2.92 153.508970239 31.0232043266
2.922 153.572389521 31.7096412181
2.924 153.636110016 31.8602472543
2.926 153.698874273 31.3821285963
2.928 153.762025841 31.5757840871
2.93 153.826585509 32.2798341512
2.932 153.888802961 31.108725816
2.934 153.950230879 30.7139591314
2.936 154.010919802 30.3444615565
2.938 154.071914278 30.4972380399
2.94 154.132772006 30.4288640618
2.942 154.194854714 31.0413539409
2.944 154.25381548 29.4803828001
2.946 154.312999316 29.5919179916
2.948 154.373041369 30.0210267305
2.95 154.433880248 30.4194390773
2.952 154.491119095 28.6194235086
2.954 154.547016748 27.9488265514
2.956 154.604833074 28.9081633091
2.958 154.663832315 29.4996201992
2.96 154.721032627 28.6001563072
2.962 154.77711875 28.0430614948
2.964 154.83219821 27.539730072
2.966 154.888424524 28.113156557
2.968 154.943526276 27.5508761406
2.97 154.998874195 27.673959732
2.972 155.054914005 28.0199050903
2.974 155.109803446 27.4447202682
2.976 155.164690741 27.4436473846
2.978 155.221368797 28.3390283584
2.98 155.27787865 28.2549262046
2.982 155.334007986 28.0646681785
2.984 155.391527184 28.759598732
2.986 155.450755962 29.6143889427
2.988 155.509806196 29.5251170781
2.99 155.568913738 29.5537710189
2.992 155.628506104 29.7961831092
2.994 155.687330405 29.412150383
2.996 155.747719685 30.1946401596
2.998 155.807216207 29.7482609748
3.0 155.868445555 30.6146740913
3.002 155.930511991 31.0332179069
3.004 155.991453091 30.4705500602
3.006 156.052976767 30.7618379593
3.008 156.115103046 31.0631394386
3.01 156.177318374 31.1076641082
3.012 156.240014414 31.3480198383
3.014 156.301647703 30.8166444301
3.016 156.362716595 30.5344462394
3.018 156.426051001 31.6672027111
3.02 156.488664845 31.3069224357
3.022 156.551251391 31.2932729721
3.024 156.613242725 30.9956669807
3.026 156.675645153 31.2012135982
3.028 156.737084488 30.7196676731
3.03 156.796472351 29.6939313411
3.032 156.854840378 29.1840136051
3.034 156.913760359 29.459990561
3.036 156.972016076 29.1278585791
3.038 157.030053655 29.0187895298
3.04 157.087727298 28.8368212059
3.042 157.145516905 28.8948034867
3.044 157.202407206 28.4451507032
3.046 157.258568282 28.0805379152
3.048 157.314531768 27.9817432165
3.05 157.372194121 28.8311764598
3.052 157.428907494 28.3566862344
3.054 157.483774225 27.4333655834
3.056 157.538822392 27.5240838527
3.058 157.593339542 27.2585749626
3.06 157.6480938 27.377128601
3.062 157.703718761 27.8124809265
3.064 157.757999341 27.140289545
3.066 157.813597242 27.7989506721
3.068 157.86874036 27.5715589523
3.07 157.926111261 28.6854505539
3.072 157.981205443 27.5470912456
3.074 158.039015988 28.9052724838
3.076 158.097573678 29.2788445949
3.078 158.156355063 29.3906927108
3.08 158.212513248 28.0790925026
3.082 158.272193233 29.8399925232
3.084 158.330583135 29.1949510574
3.086 158.390768329 30.0925970077
3.088 158.449906627 29.5691490173
3.09 158.509979407 30.0363898277
3.092 158.571360747 30.6906700134
3.094 158.631801764 30.2205085754
3.096 158.69294579 30.5720130589
3.098 158.754060101 30.5571556091
3.1 158.815749597 30.8447480201
3.102 158.877885771 31.0680866241
3.104 158.93848784 30.3010344505
3.106 159.001185369 31.3487648964
3.108 159.064063501 31.4390659332
3.11 159.125729513 30.8330059051
3.112 159.186427426 30.3489565849
3.114 159.248593819 31.0831964016
3.116 159.309931648 30.668914318
3.118 159.370844614 30.4564833641
3.12 159.430179608 29.6674966812
3.122 159.486688626 28.2545089721
3.124 159.545608771 29.4600725174
3.126 159.602900874 28.6460518837
3.128 159.65886141 27.9802680015
3.13 159.716435265 28.7869274616
3.132 159.771502358 27.5335460901
3.134 159.826527309 27.5124758482
3.136 159.880419683 26.9461870193
3.138 159.93478046 27.1803885698
3.14 159.98896372 27.0916298031
3.142 160.041833085 26.4346823096
3.144 160.093498883 25.8328989148
3.146 160.147352595 26.926856488
3.148 160.199730678 26.1890413239
3.15 160.253061519 26.6654202714
3.152 160.30641709 26.6777854412
3.154 160.361511615 27.547262609
3.156 160.415001955 26.7451703548
3.158 160.46793164 26.4648422599
3.16 160.524053734 28.0610471964
3.162 160.579432142 27.6892036199
3.164 160.635615659 28.0917584896
3.166 160.692406338 28.3953398466
3.168 160.748761129 28.177395463
3.17 160.805108678 28.1737744808
3.172 160.862697315 28.7943184375
3.174 160.921215248 29.2589664459
3.176 160.980326962 29.5558571815
3.178 161.04083122 30.2521288395
3.18 161.102467847 30.8183133602
3.182 161.161894691 29.71342206
3.184 161.221827698 29.9665033817
3.186 161.280824256 29.4982790947
3.188 161.341395092 30.2854180336
3.19 161.402781439 30.6931734085
3.192 161.463525486 30.3720235824
3.194 161.524924826 30.6996703148
3.196 161.587335658 31.2054157257
3.198 161.649725032 31.1946868896
3.2 161.71024282 30.2588939666
3.202 161.770921421 30.3393006324
3.204 161.832310661 30.6946198132
3.206 161.892098649 29.8939943313
3.208 161.951127752 29.5145511627
3.21 162.009353026 29.112637043
3.212 162.069313749 29.9803614616
3.214 162.12735246 29.0193557739
3.216 162.183938249 28.2928943634
3.218 162.243742688 29.9022197723
3.22 162.302464708 29.3610095977
3.222 162.359975322 28.7553071975
3.224 162.417088135 28.5564064979
3.226 162.474777981 28.844922781
3.228 162.531239136 28.2305777073
3.23 162.586235567 27.4982154369
3.232 162.642068608 27.9165208339
3.234 162.697247608 27.5894999504
3.236 162.752935274 27.8438329696
3.238 162.806368693 26.7167091369
3.24 162.858965023 26.2981653213
3.242 162.91338916 27.2120684385
3.244 162.968096926 27.3538827896
3.246 163.022524251 27.2136628627
3.248 163.077726169 27.6009589433
3.25 163.131713091 26.9934609532
3.252 163.188000618 28.1437635421
3.254 163.24375066 27.8750211
3.256 163.301535449 28.8923941552
3.258 163.360534125 29.4993381248
3.26 163.418835285 29.1505799396
3.262 163.47619599 28.6803524941
3.264 163.535445227 29.6246185898
3.266 163.594776674 29.665723443
3.268 163.654189332 29.7063291072
3.27 163.714248015 30.0293415784
3.272 163.771997853 28.8749188184
3.274 163.832425578 30.2138626575
3.276 163.891625746 29.6000838279
3.278 163.953057154 30.7157039642
3.28 164.012638732 29.7907888889
3.282 164.074055775 30.7085216045
3.284 164.135353966 30.6490957737
3.286 164.196484132 30.5650830268
3.288 164.257777496 30.6466817855
3.29 164.320328816 31.2756597995
3.292 164.381325706 30.498445034
3.294 164.442291005 30.4826498031
3.296 164.503550633 30.6298136711
3.298 164.564789041 30.6192040443
3.3 164.625912173 30.5615663528
3.302 164.686158641 30.1232337951
3.304 164.747897251 30.8693051338
3.306 164.810586556 31.3446521759
3.308 164.873261197 31.3373208046
3.31 164.933543428 30.1411151886
3.312 164.995166437 30.8115045216
3.314 165.055271284 30.0524234771
3.316 165.116585866 30.6572914123
3.318 165.17593898 29.6765565872
3.32 165.235158817 29.6099185943
3.322 165.293836967 29.3390750885
3.324 165.349998371 28.080701828
3.326 165.407738821 28.8702249527
3.328 165.465460197 28.8606882095
3.33 165.522287802 28.4138023853
3.332 165.578621463 28.1668305397
3.334 165.633905784 27.642160654
3.336 165.691331164 28.7126898765
3.338 165.746579186 27.6240110397
3.34 165.802765743 28.093278408
3.342 165.860247985 28.7411212921
3.344 165.918027357 28.8896858692
3.346 165.973391489 27.6820659637
3.348 166.030009166 28.3088386058
3.35 166.086389855 28.190344572
3.352 166.145270185 29.440164566
3.354 166.201181606 27.9557108879
3.356 166.258621321 28.7198573351
3.358 166.316953213 29.1659459471
3.36 166.375334144 29.1904658079
3.362 166.433458255 29.0620550513
3.364 166.490854031 28.6978883668
3.366 166.548972693 29.0593309328
3.368 166.608676949 29.8521276563
3.37 166.667434321 29.3786861002
3.372 166.725661204 29.1134417057
3.374 166.784944252 29.6415239572
3.376 166.845874146 30.4649472236
3.378 166.903390245 28.7580490112
3.38 166.962406502 29.5081287622
3.382 167.02256848 30.0809890031
3.384 167.082483307 29.9574136734
3.386 167.141894952 29.7058224678
3.388 167.203377382 30.7412147522
3.39 167.262372927 29.4977724552
3.392 167.322875039 30.2510559558
3.394 167.383268193 30.1965773105
3.396 167.443415002 30.0734043121
3.398 167.502379195 29.4820964336
3.4 167.560990111 29.3054580688
3.402 167.619689361 29.3496251106
3.404 167.679749624 30.03013134
3.406 167.73791279 29.081583023
3.408 167.795882837 28.9850234985
3.41 167.854828612 29.472887516
3.412 167.913738147 29.454767704
3.414 167.972364561 29.3132066726
3.416 168.030156628 28.8960337639
3.418 168.088076639 28.9600054409
3.42 168.145766067 28.8447141647
3.422 168.203979659 29.1067957878
3.424 168.260937977 28.4791588783
3.426 168.319748688 29.4053554535
3.428 168.375916529 28.0839204788
3.43 168.433739352 28.9114117622
3.432 168.491666961 28.963804245
3.434 168.549711633 29.0223360061
3.436 168.609176922 29.7326445579
3.438 168.666815805 28.8194417953
3.44 168.72559129 29.3877422809
3.442 168.785092342 29.7505259513
3.444 168.845227647 30.0676524639
3.446 168.903656888 29.2146205902
3.448 168.962655473 29.4992923736
3.45 169.022169399 29.756963253
3.452 169.080253589 29.0420949459
3.454 169.139731932 29.7391712665
3.456 169.199708211 29.9881398677
3.458 169.258362788 29.32728827
3.46 169.317761141 29.6991765499
3.462 169.377386796 29.8128277063
3.464 169.437100071 29.8566371202
3.466 169.49774279 30.3213596344
3.468 169.55676851 29.5128598809
3.47 169.616306697 29.7690937295
3.472 169.676436658 30.0649804994
3.474 169.734631683 29.0975123644
3.476 169.794475424 29.9218706786
3.478 169.854955125 30.2398502826
3.48 169.914034742 29.5398086309
3.482 169.9714769 28.7210792303
3.484 170.031561452 30.0422757864
3.486 170.088394719 28.4166336059
3.488 170.146742213 29.173746705
3.49 170.203401375 28.3295810222
3.492 170.262036848 29.3177366256
3.494 170.320027399 28.9952754974
3.496 170.378287959 29.1302800178
3.498 170.436087715 28.8998782634
3.5 170.495127904 29.5200943946
3.502 170.554452705 29.662400484
3.504 170.612695086 29.1211903095
3.506 170.66915946 28.2321870327
3.508 170.727393913 29.1172266006
3.51 170.784562158 28.5841226577
3.512 170.842001486 28.71966362
3.514 170.898657727 28.3281207084
3.516 170.955880689 28.6114811897
3.518 171.0125144 28.3168554306
3.52 171.070484567 28.9850831031
3.522 171.127540398 28.5279154777
3.524 171.184933591 28.6965966224
3.526 171.243941744 29.5040766385
3.528 171.301062306 28.5602807998
3.53 171.357928236 28.4329652786
3.532 171.416439136 29.2554497718
3.534 171.476384838 29.9728512764
3.536 171.534499725 29.0574431419
3.538 171.592494567 28.9974212646
3.54 171.651125868 29.3156504631
3.542 171.708658298 28.7662148475
3.544 171.768354853 29.8482775688
3.546 171.827533503 29.5893251896
3.548 171.887674471 30.0704836845
3.55 171.946626504 29.4760167598
3.552 172.00801899 30.6962430477
3.554 172.067519088 29.7500491142
3.556 172.128218492 30.349701643
3.558 172.188962479 30.3719937801
3.56 172.248903533 29.9705266952
3.562 172.310563614 30.830040574
3.564 172.372253497 30.8449417352
3.566 172.433637937 30.6922197342
3.568 172.493503203 29.9326330423
3.57 172.554525991 30.5113941431
3.572 172.615525951 30.4999798536
3.574 172.677450267 30.9621579945
3.576 172.737755348 30.1525406539
3.578 172.798291579 30.2681154571
3.58 172.859004815 30.3566181101
3.582 172.919233506 30.1143452525
3.584 172.979112868 29.9396812915
3.586 173.040363153 30.625142157
3.588 173.100812276 30.2245616912
3.59 173.160659869 29.9237966537
3.592 173.221449872 30.395001173
3.594 173.281610419 30.0802737474
3.596 173.340315481 29.352530837
3.598 173.401430746 30.5576324463
3.6 173.461370309 29.9697816372
3.602 173.520936926 29.783308506
3.604 173.580274184 29.6686291694
3.606 173.640120884 29.9233496189
3.608 173.69781067 28.8448929786
3.61 173.75777926 29.9842953682
3.612 173.816851576 29.5361578464
3.614 173.875262459 29.2054414749
3.616 173.935013374 29.8754572868
3.618 173.995315273 30.1509499549
3.62 174.054658969 29.6718478202
3.622 174.111590822 28.4659266472
3.624 174.168483933 28.4465551376
3.626 174.22634538 28.9307236671
3.628 174.285715182 29.6849012375
3.63 174.343290051 28.7874341011
3.632 174.400789134 28.7495414402
3.634 174.459932438 29.5716524124
3.636 174.519035212 29.5513868332
3.638 174.577422134 29.1934609413
3.64 174.636128775 29.3533205986
3.642 174.693888656 28.8799405098
3.644 174.753690712 29.9010276794
3.646 174.813156716 29.7330021858
3.648 174.871972672 29.4079780578
3.65 174.932089976 30.0586521625
3.652 174.991202048 29.5560359954
3.654 175.048861734 28.8298428058
3.656 175.110295228 30.7167470455
3.658 175.17196726 30.8360159397
3.66 175.232465915 30.2493274212
3.662 175.294522397 31.0282409191
3.664 175.353958956 29.7182798385
3.666 175.41523569 30.6383669376
3.668 175.475066803 29.9155563116
3.67 175.535781286 30.3572416305
3.672 175.595381669 29.8001915216
3.674 175.65661367 30.6160002946
3.676 175.7173663 30.3763151168
3.678 175.777884282 30.2589908242
3.68 175.839013025 30.5643714964
3.682 175.898960541 29.9737583845
3.684 175.959251647 30.1455529406
3.686 176.020500436 30.624394305
3.688 176.082484401 30.9919826686
3.69 176.142125002 29.8203006386
3.692 176.202535413 30.2052050829
3.694 176.262644611 30.0545990467
3.696 176.322636179 29.9957841634
3.698 176.383984736 30.6742787361
3.7 176.442501775 29.2585194111
3.702 176.501950852 29.7245383262
3.704 176.562344424 30.1967859268
3.706 176.622013084 29.8343300819
3.708 176.680486611 29.2367637157
3.71 176.740249805 29.8815965652
3.712 176.800156228 29.9532115459
3.714 176.859824053 29.8339128494
3.716 176.917356602 28.7662744522
3.718 176.976625792 29.6345949173
3.72 177.034010521 28.6923646927
3.722 177.090362064 28.1757712364
3.724 177.150309555 29.973745346
3.726 177.2084397 29.0650725364
3.728 177.268199674 29.8799872398
3.73 177.326318375 29.0593504905
3.732 177.385977141 29.8293828964
3.734 177.444572798 29.2978286743
3.736 177.503221178 29.3241898205
3.738 177.564698005 30.7384133339
3.74 177.625107193 30.2045941352
3.742 177.684887075 29.8899412155
3.744 177.744365835 29.7393798828
3.746 177.805262709 30.448436737
3.748 177.86619463 30.4659605026
3.75 177.926219368 30.0123691558
3.752 177.986860299 30.3204655647
3.754 178.047058964 30.0993323326
3.756 178.10699662 29.9688279628
3.758 178.166911745 29.957562685
3.76 178.227663541 30.3758978843
3.762 178.290157461 31.2469601631
3.764 178.349891686 29.8671126365
3.766 178.413450682 31.7794978618
3.768 178.474063063 30.3061902523
3.77 178.536267722 31.1023294925
3.772 178.597228461 30.4803699255
3.774 178.657738888 30.2552133798
3.776 178.71820938 30.2352458238
3.778 178.780559176 31.1748981475
3.78 178.842882404 31.1616137623
3.782 178.903898471 30.5080339312
3.784 178.964736232 30.4188802838
3.786 179.024876637 30.0702024251
3.788 179.087435649 31.2795061618
3.79 179.147982621 30.2734859287
3.792 179.206483492 29.2504355311
3.794 179.268467495 30.9920012951
3.796 179.328370833 29.9516692757
3.798 179.388570422 30.0997942686
3.8 179.448385441 29.9075096845
3.802 179.507817799 29.7161787748
3.804 179.567529285 29.8557430505
3.806 179.62755599 30.0133526325
3.808 179.687191629 29.8178195953
3.81 179.746364856 29.5866131782
3.812 179.805145526 29.390335083
3.814 179.865454101 30.1542878151
3.816 179.922348881 28.4473896026
3.818 179.979531014 28.5910665989
3.82 180.036369347 28.4191668033
3.822 180.093838954 28.7348031997
3.824 180.152319693 29.2403697967
3.826 180.211355352 29.5178294181
3.828 180.271479511 30.0620794296
3.83 180.331414723 29.9676060676
3.832 180.392711902 30.6485891342
3.834 180.452109837 29.6989679336
3.836 180.509314203 28.6021828651
3.838 180.569775963 30.2308797836
3.84 180.630919957 30.5719971656
3.842 180.693267878 31.1739603665
3.844 180.752905782 29.8189520836
3.846 180.814306434 30.7003259658
3.848 180.877171691 31.4326286316
3.85 180.938238199 30.5332541465
3.852 180.999623593 30.6926965713
3.854 181.061975654 31.1760306358
3.856 181.123684462 30.8544039726
3.858 181.186646159 31.4808487892
3.86 181.248854871 31.1043560505
3.862 181.311363037 31.2540829181
3.864 181.371638115 30.1375389099
3.866 181.434127625 31.2447547912
3.868 181.495909806 30.8910906314
3.87 181.557981427 31.035810709
3.872 181.62082177 31.4201712608
3.874 181.682936664 31.057447195
3.876 181.742830958 29.9471467733
3.878 181.803327467 30.2482545375
3.88 181.865034218 30.8533757925
3.882 181.926116164 30.540972948
3.884 181.986289333 30.0865843892
3.886 182.047546934 30.6288003921
3.888 182.108542118 30.4975919425
3.89 182.168724991 30.0914365798
3.892 182.230217302 30.7461554184
3.894 182.291213322 30.4980101063
3.896 182.353228788 31.007733196
3.898 182.414095904 30.4335579276
3.9 182.473581876 29.7429859638
3.902 182.53211626 29.2671918869
3.904 182.5919086 29.8961699009
3.906 182.651193942 29.6426713466
3.908 182.710670854 29.7384560108
3.91 182.772645827 30.9874862432
3.912 182.832947429 30.1508009433
3.914 182.893087443 30.0700068473
3.916 182.952635523 29.7740399837
3.918 183.01383632 30.6003987789
3.92 183.073656674 29.9101769924
3.922 183.133468981 29.9061536789
3.924 183.194283183 30.4071009159
3.926 183.253846105 29.781460762
3.928 183.314079698 30.1167964935
3.93 183.373204406 29.5623540878
3.932 183.433993991 30.3947925567
3.934 183.494236525 30.1212668419
3.936 183.554553803 30.1586389541
3.938 183.616014178 30.7301878929
3.94 183.676776226 30.3810238838
3.942 183.736235555 29.7296643257
3.944 183.795499174 29.6318093922
3.946 183.856180874 30.3408503532
3.948 183.916722027 30.270576477
3.95 183.976573435 29.9257040023
3.952 184.037030307 30.2284359932
3.954 184.098683921 30.8268070221
3.956 184.160396663 30.8563709259
3.958 184.220685569 30.1444530487
3.96 184.282848803 31.0816168785
3.962 184.344111411 30.6313037872
3.964 184.406151442 31.0200154781
3.966 184.467917351 30.8829545974
3.968 184.529596833 30.83974123
3.97 184.591823963 31.1135649681
3.972 184.652936427 30.5562317371
3.974 184.714899746 30.9816598892
3.976 184.777217654 31.1589539051
3.978 184.83926001 31.0211777687
3.98 184.902489392 31.614691019
3.982 184.965355066 31.4328372478
3.984 185.02843043 31.537681818
3.986 185.088951288 30.2604287862
3.988 185.149731813 30.3902626037
3.99 185.213385356 31.8267717957
3.992 185.274487426 30.5510349571
3.994 185.336316419 30.9144966304
3.996 185.396791493 30.2375368774
3.998 185.45762833 30.4184183478
4.0 185.518730817 30.5512435734
4.002 185.580572722 30.9209525586
4.004 185.642784236 31.1057567597
4.006 185.703572808 30.3942859174
4.008 185.764506517 30.4668545724
4.01 185.82394105 29.7172665597
4.012 185.885100094 30.5795222522
4.014 185.945903865 30.4018855096
4.016 186.004700152 29.3981432915
4.018 186.065481869 30.3908586503
4.02 186.124375252 29.4466912747
4.022 186.185366122 30.4954349995
4.024 186.242739645 28.6867618561
4.026 186.302007107 29.63373065
4.028 186.360749809 29.3713510037
4.03 186.42065343 29.9518108369
4.032 186.482193796 30.7701826096
4.034 186.542244522 30.0253629685
4.036 186.602291194 30.0233364106
4.038 186.662063328 29.8860669137
4.04 186.722759096 30.3478837014
4.042 186.781829325 29.5351147652
4.044 186.842054216 30.1124453545
4.046 186.903350917 30.6483507157
4.048 186.964880347 30.7647148756
4.05 187.027394414 31.2570333482
4.052 187.087747216 30.1764011384
4.054 187.148897409 30.5750966073
4.056 187.209487438 30.2950143815
4.058 187.272255659 31.3841104508
4.06 187.334886432 31.3153862954
4.062 187.396321416 30.7174921036
4.064 187.457041859 30.3602218629
4.066 187.518510938 30.7345390321
4.068 187.5796476 30.5683314801
4.07 187.642249167 31.3007831574
4.072 187.703153848 30.4523408414
4.074 187.765249729 31.0479402543
4.076 187.826656699 30.7034850121
4.078 187.887948632 30.6459665299
4.08 187.9495368 30.7940840722
4.082 188.009876788 30.1699936391
4.084 188.071127385 30.6252986193
4.086 188.134548336 31.7104756833
4.088 188.197791785 31.6217243672
4.09 188.259924471 31.0663431884
4.092 188.321027905 30.5517166854
4.094 188.383069232 31.0206636787
4.096 188.444846731 30.8887492866
4.098 188.506862792 31.0080307537
4.1 188.572012536 32.5748720207
4.102 188.633022144 30.5048041046
4.104 188.691773638 29.3757468463
4.106 188.752932787 30.5795744062
4.108 188.814367652 30.717432499
4.11 188.873689413 29.6608805657
4.112 188.933330268 29.8204272986
4.114 188.99323833 29.9540311099
4.116 189.05523628 30.9989750386
4.118 189.115801096 30.2824079991
4.12 189.176175594 30.1872491837
4.122 189.235752225 29.7883152962
4.124 189.296813011 30.5303931237
4.126 189.357292533 30.2397608758
4.128 189.416710794 29.7091305257
4.13 189.476387024 29.838114977
4.132 189.536702633 30.1578044892
4.134 189.597870827 30.5840969086
4.136 189.65798974 30.0594568253
4.138 189.719066143 30.5382013322
4.14 189.780684113 30.8089852334
4.142 189.841665387 30.4906368256
4.144 189.904465198 31.3999056817
4.146 189.965279102 30.4069519044
4.148 190.026423812 30.5723547936
4.15 190.08767763 30.6269089369
4.152 190.14975551 31.0389399529
4.154 190.211385997 30.8152437211
4.156 190.273208769 30.9113860131
4.158 190.33357683 30.1840305329
4.16 190.39615682 31.2899947167
4.162 190.456124099 29.9836397172
4.164 190.519336613 31.6062569619
4.166 190.581935318 31.2993526459
4.168 190.641794117 29.9293994904
4.17 190.702588292 30.3970873357
4.172 190.763028773 30.2202403546
4.174 190.824154945 30.5630862714
4.176 190.887634845 31.7399501801
4.178 190.948818358 30.5917561055
4.18 191.007885845 29.5337438584
4.182 191.069079967 30.5970609189
4.184 191.130136581 30.5283069611
4.186 191.190365257 30.114337802
4.188 191.251653792 30.6442677975
4.19 191.312943848 30.6450277568
4.192 191.374186011 30.6210815907
4.194 191.436446162 31.1300754548
4.196 191.498187335 30.8705866338
4.198 191.559313441 30.5630527437
4.2 191.618630104 29.6583315358
4.202 191.681389278 31.3795870171
4.204 191.741835037 30.2228797228
4.206 191.801858904 30.011933297
4.208 191.863638358 30.8897271753
4.21 191.92482415 30.5928960443
4.212 191.985631498 30.4036736489
4.214 192.045558752 29.9636274577
4.216 192.106121542 30.2813947201
4.218 192.167104872 30.4916650058
4.22 192.227935823 30.4154753686
4.222 192.288433941 30.2490592004
4.224 192.350151988 30.8590233327
4.226 192.410448523 30.148267746
4.228 192.47116247 30.3569734097
4.23 192.533238383 31.0379564763
4.232 192.593544157 30.152887106
4.234 192.656156333 31.3060879708
4.236 192.718572291 31.2079787255
4.238 192.778882297 30.1550030709
4.24 192.840282233 30.6999683381
4.242 192.902849467 31.2836170197
4.244 192.966320427 31.7354798318
4.246 193.026899012 30.2892923356
4.248 193.087398084 30.2495360375
4.25 193.149046453 30.8241844178
4.252 193.209849779 30.4016629842
4.254 193.271326963 30.7385921479
4.256 193.332732026 30.7025313378
4.258 193.391236488 29.2522311211
4.26 193.452669326 30.71641922
4.262 193.515467588 31.3991308213
4.264 193.577069584 30.800998211
4.266 193.637089316 30.0098657609
4.268 193.697831217 30.3709506989
4.27 193.760778252 31.473517418
4.272 193.822911147 31.0664474965
4.274 193.882861678 29.9752652646
4.276 193.943816308 30.4773151875
4.278 194.005468134 30.8259129525
4.28 194.065018598 29.7752320767
4.282 194.1257996 30.3905010224
4.284 194.185881678 30.0410389901
4.286 194.245440487 29.7794044018
4.288 194.304900561 29.7300368548
4.29 194.366518203 30.8088213206
4.292 194.424962942 29.2223691941
4.294 194.484226052 29.6315550805
4.296 194.544088055 29.9310013653
4.298 194.603427578 29.6697616578
4.3 194.664192196 30.382309109
4.302 194.724424601 30.1162023098
4.304 194.784593135 30.0842670259
4.306 194.844950538 30.178701738
4.308 194.905261044 30.1552526654
4.31 194.965903137 30.3210467101
4.312 195.024161164 29.1290134192
4.314 195.084043983 29.9414098263
4.316 195.143473063 29.7145396472
4.318 195.203667078 30.0970077515
4.32 195.26349229 29.9126058818
4.322 195.322744671 29.6261906625
4.324 195.384243015 30.7491719723
4.326 195.44422001 29.9884974957
4.328 195.503783826 29.7819077969
4.33 195.564737801 30.476987362
4.332 195.624700848 29.9815237523
4.334 195.685140196 30.2196741105
4.336 195.744726006 29.7929048539
4.338 195.80703694 31.1554670335
4.34 195.866870944 29.9170017243
4.342 195.927313987 30.2215218545
4.344 195.990569178 31.6275954247
4.346 196.050007884 29.7193527222
4.348 196.110745017 30.3685665131
4.35 196.172402684 30.8288335801
4.352 196.232613269 30.1052927972
4.354 196.293628756 30.5077433587
4.356 196.354197478 30.2843610433
4.358 196.41558454 30.6935310364
4.36 196.475988006 30.2017331124
4.362 196.534096575 29.0542840958
4.364 196.594570017 30.2367210389
4.366 196.656471586 30.9507846833
4.368 196.717154836 30.3416252137
4.37 196.77529118 29.0681719781
4.372 196.833844518 29.2766690255
4.374 196.895036912 30.5961966515
4.376 196.954894101 29.9285948277
4.378 197.015162504 30.1342010499
4.38 197.073773181 29.3053388596
4.382 197.133721745 29.9742817879
4.384 197.193564749 29.921501875
4.386 197.255014813 30.7250320912
4.388 197.314564919 29.7750532628
4.39 197.374392724 29.9139022828
4.392 197.433295047 29.4511616231
4.394 197.491964763 29.33485806
4.396 197.552238619 30.1369279624
4.398 197.612695402 30.2283912898
4.4 197.67237488 29.8397392035
4.402 197.731401852 29.5134857298
4.404 197.792669198 30.6336730719
4.406 197.85237754 29.8541709781
4.408 197.913556091 30.5892755278
4.41 197.972567948 29.5059285127
4.412 198.031832082 29.6320673079
4.414 198.092390916 30.279416591
4.416 198.15273731 30.1731973887
4.418 198.212899124 30.0809070469
4.42 198.271046138 29.0735065938
4.422 198.332014179 30.4840207101
4.424 198.39250291 30.2443653346
4.426 198.452314412 29.9057513476
4.428 198.511548197 29.6168923379
4.43 198.571073031 29.7624170781
4.432 198.632672643 30.7998061181
4.434 198.693219817 30.2735865117
4.436 198.752315497 29.5478403569
4.438 198.811002946 29.3437242509
4.44 198.871779954 30.3885042668
4.442 198.930290317 29.255181551
4.444 198.990299201 30.0044417382
4.446 199.050763583 30.2321910859
4.448 199.107139563 28.1879901887
4.45 199.165980553 29.4204950333
4.452 199.225979543 29.9994945527
4.454 199.285789585 29.9050211907
4.456 199.346212125 30.2112698556
4.458 199.405000663 29.3942689896
4.46 199.464285469 29.6424031258
4.462 199.523720034 29.7172824529
4.464 199.583628901 29.9544334412
4.466 199.643490561 29.9308300019
4.468 199.703350075 29.9297571183
4.47 199.763151773 29.9008488656
4.472 199.823818095 30.3331613541
4.474 199.884216674 30.199289322
4.476 199.943162211 29.4727683068
4.478 200.004345544 30.5916666985
4.48 200.064103671 29.8790633679
4.482 200.12409515 29.9957394601
4.484 200.184747883 30.3263664246
4.486 200.242807038 29.0295779706
4.488 200.302494832 29.8438966275
4.49 200.363063462 30.2843153477
4.492 200.422488459 29.7124981881
4.494 200.482926138 30.2188396455
4.496 200.543180295 30.1270782948
4.498 200.602334 29.5768529177
4.5 200.662702687 30.1843434573
4.502 200.72194276 29.6200364829
4.504 200.781394698 29.7259688378
4.506 200.841905482 30.2553921939
4.508 200.902229213 30.1618650556
4.51 200.962256626 30.0137065352
4.512 201.021775771 29.7595728189
4.514 201.083805139 31.0146836565
4.516 201.144486107 30.3404843435
4.518 201.204537757 30.0258249045
4.52 201.265048407 30.2553251386
4.522 201.323460915 29.2062535883
4.524 201.383886613 30.2128493787
4.526 201.446271308 31.1923474074
4.528 201.506851442 30.290067196
4.53 201.567983933 30.5662453175
4.532 201.628287144 30.1516056061
4.534 201.689494022 30.6034386159
4.536 201.750694283 30.6001305581
4.538 201.811075397 30.1905572415
4.54 201.872060605 30.4926037789
4.542 201.933085747 30.5125713349
4.544 201.992033013 29.4736325742
4.546 202.05274231 30.3546488286
4.548 202.113571294 30.4144918919
4.55 202.174407609 30.4181575776
4.552 202.234451421 30.0219058991
4.554 202.294177063 29.8628211022
4.556 202.353278645 29.5507907868
4.558 202.414110788 30.416071415
4.56 202.472318657 29.1039347649
4.562 202.531522759 29.6020507813
4.564 202.591407545 29.942393303
4.566 202.64964656 29.1195074705
4.568 202.709154645 29.7540426255
4.57 202.767947237 29.3962955476
4.572 202.827266613 29.6596884728
4.574 202.886915962 29.8246741296
4.576 202.944847266 28.9656519891
4.578 203.003319184 29.2359590531
4.58 203.060367385 28.5241007806
4.582 203.117733041 28.6828279496
4.584 203.175807754 29.0373563767
4.586 203.233774404 28.9833247662
4.588 203.292895595 29.5605957509
4.59 203.350624064 28.864234686
4.592 203.410171548 29.7737419606
4.594 203.469213346 29.5208990575
4.596 203.527149121 28.9678871632
4.598 203.584995548 28.923213482
4.6 203.644045452 29.5249521733
4.602 203.702427904 29.1912257672
4.604 203.760478059 29.0250778199
4.606 203.819920371 29.7211557627
4.608 203.877988914 29.0342718363
4.61 203.939016382 30.5137336255
4.612 203.998185063 29.5843407512
4.614 204.057254965 29.5349508525
4.616 204.117956872 30.3509533406
4.618 204.17811222 30.0776744262
4.62 204.236857301 29.3725403026
4.622 204.295390958 29.2668286712
4.624 204.357485766 31.0474038125
4.626 204.417006935 29.7605842353
4.628 204.477214078 30.103571713
4.63 204.538087765 30.4368436337
4.632 204.599832753 30.8724939824
4.634 204.660012315 30.0897806884
4.636 204.721718649 30.8531671763
4.638 204.783506493 30.8939218522
4.64 204.843703906 30.0987064839
4.642 204.904567341 30.4317176343
4.644 204.965139131 30.2858948708
4.646 205.026742558 30.8017134667
4.648 205.088346044 30.801743269
4.65 205.148656348 30.1551520825
4.652 205.209585468 30.4645597935
4.654 205.270995418 30.7049751282
4.656 205.331448356 30.22646904
4.658 205.389452497 29.002070427
4.66 205.450603405 30.5754542351
4.662 205.510093967 29.7452807427
4.664 205.569490711 29.6983718873
4.666 205.630254547 30.3819179536
4.668 205.690280358 30.0129055978
4.67 205.74952213 29.6208858491
4.672 205.809722137 30.100003877
4.674 205.869320822 29.7993421555
4.676 205.928264451 29.4718146325
4.678 205.989724231 30.7298898698
4.68 206.048646879 29.461324215
4.682 206.107967925 29.6605229378
4.684 206.166427684 29.2298793793
4.686 206.226128769 29.8505425454
4.688 206.285014939 29.4430851937
4.69 206.343297434 29.1412472726
4.692 206.40128113 28.9918482304
4.694 206.45975275 29.2358100415
4.696 206.518548024 29.3976366521
4.698 206.57688154 29.1667580605
4.7 206.634958517 29.038488865
4.702 206.69195677 28.4991264344
4.704 206.75001992 29.0315747262
4.706 206.811125052 30.5525660516
4.708 206.86903454 28.9547443391
4.71 206.927363109 29.1642844678
4.712 206.986546707 29.5917987824
4.714 207.046318722 29.886007309
4.716 207.1060857 29.8834890128
4.718 207.165629741 29.7720208765
4.72 207.224296008 29.3331332505
4.722 207.284493317 30.0986543298
4.724 207.34464595 30.0763167907
4.726 207.406475194 30.9146221262
4.728 207.465717164 29.6209845693
4.73 207.526689705 30.4862707854
4.732 207.587882605 30.5964499713
4.734 207.648947996 30.5326953531
4.736 207.710525435 30.7887196542
4.738 207.771145475 30.3100198508
4.74 207.830774379 29.814451933
4.742 207.891661537 30.4435789586
4.744 207.954185498 31.2619805337
4.746 208.014194083 30.0042927266
4.748 208.074180913 29.9934148789
4.75 208.135806811 30.8129489423
4.752 208.194945645 29.5694172383
4.754 208.254284394 29.6693742276
4.756 208.313371789 29.5436978341
4.758 208.373968792 30.2985012532
4.76 208.434258532 30.1448702813
4.762 208.495050144 30.3958058358
4.764 208.554728579 29.8392176629
4.766 208.614862275 30.0668478013
4.768 208.672810745 28.9742350579
4.77 208.733545375 30.3673148156
4.772 208.793538761 29.9966931344
4.774 208.852472973 29.4671058655
4.776 208.913503718 30.5153727532
4.778 208.972938164 29.7172228483
4.78 209.031999334 29.5305848122
4.782 209.091227039 29.613852501
4.784 209.152985199 30.8790802956
4.786 209.211056097 29.0354490281
4.788 209.270934446 29.9391746522
4.79 209.328675016 28.8702845574
4.792 209.387129887 29.2274355889
4.794 209.446135624 29.5028686524
4.796 209.505383416 29.6238958836
4.798 209.56362681 29.1216969491
4.8 209.621949239 29.1612148286
4.802 209.680627926 29.3393433095
4.804 209.74134074 30.3564071656
4.806 209.80196373 30.3114950658
4.808 209.860602601 29.3194353581
4.81 209.919634922 29.5161604882
4.812 209.979354365 29.8597216607
4.814 210.039067193 29.8564136029
4.816 210.099881156 30.4069817067
4.818 210.161232813 30.675828457
4.82 210.221752896 30.2600413562
4.822 210.281879841 30.0634726883
4.824 210.342622324 30.3712412716
4.826 210.403633631 30.5056534708
4.828 210.464062591 30.2144801245
4.83 210.523515007 29.7262081877
4.832 210.582456126 29.4705592097
4.834 210.645531594 31.5377339721
4.836 210.704700871 29.5846387745
4.838 210.765112622 30.2058756352
4.84 210.824494554 29.6909660102
4.842 210.885621055 30.5632501841
4.844 210.944475963 29.4274538756
4.846 211.004289075 29.9065560103
4.848 211.063679023 29.6949744225
4.85 211.122447117 29.3840467931
4.852 211.183663471 30.6081771851
4.854 211.244915171 30.6258499623
4.856 211.304129108 29.6069681645
4.858 211.362831934 29.35141325
4.86 211.422852619 30.010342598
4.862 211.482829972 29.9886763097
4.864 211.542351111 29.7605693341
4.866 211.601775869 29.7123789788
4.868 211.662497862 30.3609967232
4.87 211.719949825 28.7259817124
4.872 211.780883415 30.4667949677
4.874 211.839638336 29.3774604798
4.876 211.898010119 29.1858911515
4.878 211.957620843 29.8053622246
4.88 212.015044792 28.7119746209
4.882 212.07420148 29.578344026
4.884 212.134582535 30.1905274392
4.886 212.192150847 28.7841558457
4.888 212.250399248 29.1242003442
4.89 212.308010117 28.8054347039
4.892 212.365772263 28.8810729981
4.894 212.424284474 29.256105423
4.896 212.481455223 28.5853743554
4.898 212.539691822 29.1182994843
4.9 212.597026602 28.6673903466
4.902 212.655386285 29.1798412801
4.904 212.713981585 29.2976498605
4.906 212.772807077 29.4127464295
4.908 212.829902247 28.5475850106
4.91 212.890923456 30.5106043816
4.912 212.949342386 29.2094647885
4.914 213.009480134 30.0688743592
4.916 213.068124787 29.3223261834
4.918 213.127997354 29.9362838269
4.92 213.188374416 30.1885306836
4.922 213.249965832 30.7957082988
4.924 213.309805111 29.9196392298
4.926 213.370448396 30.3216427565
4.928 213.430991576 30.2715897561
4.93 213.492642091 30.8252573014
4.932 213.553354532 30.3562209011
4.934 213.614184728 30.4150977173
4.936 213.67512012 30.4676960223
4.938 213.734364585 29.6222325415
4.94 213.796843723 31.2395691872
4.942 213.857635275 30.3957760335
4.944 213.918080495 30.2226096392
4.946 213.977965609 29.9425572158
